Id,Label,timeset,indegree,outdegree,Degree,weighted indegree,weighted outdegree,Weighted Degree,Eccentricity,closnesscentrality,harmonicclosnesscentrality,betweenesscentrality,clustering,triangles
65158,,,0,1,1,0,1,1,14,0.143025,0.152431,0,0,0
18636,,,3,0,3,3,0,3,13,0.166882,0.182846,6206,0,0
13155,,,0,1,1,0,1,1,12,0.176105,0.19191,0,0,0
5680,,,50,0,50,50,0,50,11,0.213725,0.248286,96684.108921,0,0
111868,,,0,2,2,0,2,2,12,0.17965,0.196493,95.561113,0,0
6829,,,16,0,16,16,0,16,13,0.187999,0.210271,9551.136177,0,0
30443,,,0,1,1,0,1,1,12,0.200019,0.229198,0,0,0
11259,,,194,0,194,194,0,194,11,0.25,0.326829,525617.023216,0.000214,4
64275,,,0,1,1,0,1,1,12,0.200019,0.229198,0,0,0
3801,,,0,1,1,0,1,1,2,0.666667,0.75,0,0,0
65092,,,2,0,2,2,0,2,1,1,1,1,0,0
19965,,,0,1,1,0,1,1,2,0.666667,0.75,0,0,0
11456,,,2,0,2,2,0,2,1,1,1,1,0,0
148352,,,0,1,1,0,1,1,2,0.666667,0.75,0,0,0
163023,,,2,0,2,2,0,2,1,1,1,1,0,0
12466,,,0,1,1,0,1,1,12,0.201048,0.219853,0,0,0
7585,,,42,8,50,42,8,50,11,0.25161,0.294363,322303.443846,0.002551,3
3107,,,0,4,4,0,4,4,13,0.169158,0.180661,6207,0,0
15711,,,1,0,1,1,0,1,14,0.144694,0.151535,0,0,0
24321,,,1,0,1,1,0,1,14,0.144694,0.151535,0,0,0
29954,,,1,0,1,1,0,1,14,0.144694,0.151535,0,0,0
29968,,,1,2,3,1,2,3,12,0.203458,0.223317,8414.121659,0,0
13516,,,0,1,1,0,1,1,12,0.191458,0.20773,0,0,0
25180,,,56,0,56,56,0,56,11,0.236767,0.273691,246260.058459,0,0
146132,,,0,1,1,0,1,1,13,0.172742,0.184548,0,0,0
6268,,,7,3,10,7,3,10,12,0.208791,0.231906,10599.40063,0.111111,5
61419,,,0,1,1,0,1,1,13,0.175628,0.192029,0,0,0
61718,,,1,5,6,1,5,6,12,0.213022,0.245769,7920.034846,0,0
5560,,,0,1,1,0,1,1,14,0.143015,0.151316,0,0,0
7471,,,5,0,5,5,0,5,13,0.166868,0.181038,8274,0,0
7881,,,0,1,1,0,1,1,3,0.5,0.611111,0,0,0
12673,,,2,0,2,2,0,2,2,0.75,0.833333,2,0,0
11440,,,0,1,1,0,1,1,1,1,1,0,0,0
151829,,,1,0,1,1,0,1,1,1,1,0,0,0
14793,,,0,3,3,0,3,3,13,0.148342,0.156382,11399.025339,0,0
1440,,,6,0,6,6,0,6,13,0.166439,0.177514,35606.529716,0,0
2783,,,2,0,2,2,0,2,12,0.16247,0.171591,6708.190561,0,0
9850,,,2,0,2,2,0,2,14,0.129252,0.134804,8268,0,0
122915,,,0,1,1,0,1,1,1,1,1,0,0,0
10447,,,1,0,1,1,0,1,1,1,1,0,0,0
123714,,,8,1,9,8,1,9,12,0.19769,0.214103,51544.311992,0,0
126046,,,0,2,2,0,2,2,2,0.75,0.833333,2,0,0
5135,,,2,0,2,2,0,2,2,0.75,0.833333,2,0,0
6397,,,1,0,1,1,0,1,3,0.5,0.611111,0,0,0
141400,,,0,2,2,0,2,2,14,0.142837,0.149798,14448,0,0
160838,,,0,1,1,0,1,1,3,0.5,0.611111,0,0,0
3897,,,2,0,2,2,0,2,15,0.125083,0.130228,12390,0,0
2073,,,0,2,2,0,2,2,12,0.149877,0.158589,201.71026,0,0
7620,,,2,0,2,2,0,2,12,0.158176,0.166579,412.036785,0,0
2204,,,0,1,1,0,1,1,14,0.11858,0.123772,0,0,0
157074,,,3,1,4,3,1,4,13,0.134524,0.142903,4734.664105,0,0
6464,,,0,2,2,0,2,2,12,0.145069,0.152343,2817.728028,0,0
14934,,,5,0,5,5,0,5,11,0.168306,0.178962,13636.996419,0,0
8755,,,0,3,3,0,3,3,12,0.150761,0.160652,4151.5,0,0
154354,,,2,2,4,2,2,4,12,0.151955,0.164013,4486.202381,0,0
8838,,,0,1,1,0,1,1,12,0.151345,0.161436,0,0,0
8549,,,19,0,19,19,0,19,11,0.178319,0.197972,78351.450991,0,0
14114,,,0,1,1,0,1,1,12,0.151345,0.161436,0,0,0
14359,,,0,2,2,0,2,2,12,0.153601,0.164856,1085.604599,0,0
11923,,,6,1,7,6,1,7,12,0.150816,0.163704,13512.400645,0,0
15060,,,0,1,1,0,1,1,16,0.104207,0.107541,0,0,0
25495,,,2,1,3,2,1,3,15,0.116322,0.121303,6206,0,0
22008,,,0,1,1,0,1,1,12,0.151345,0.161436,0,0,0
22668,,,0,1,1,0,1,1,12,0.151345,0.161436,0,0,0
23561,,,0,1,1,0,1,1,13,0.131475,0.137809,0,0,0
29173,,,1,1,2,1,1,2,12,0.151367,0.161758,2070,0,0
26069,,,0,1,1,0,1,1,14,0.123819,0.130481,0,0,0
1678,,,5,1,6,5,1,6,13,0.141307,0.152688,10806.623783,0,0
63607,,,2,5,7,2,5,7,12,0.156538,0.17084,31285.830295,0,0
139225,,,0,1,1,0,1,1,12,0.151345,0.161436,0,0,0
142339,,,0,3,3,0,3,3,12,0.149079,0.159285,4453.67356,0,0
142382,,,0,3,3,0,3,3,11,0.170692,0.184555,8073.418395,0,0
147483,,,0,1,1,0,1,1,13,0.16073,0.169941,0,0,0
13431,,,1,1,2,1,1,2,12,0.191493,0.208052,2070,0,0
148770,,,0,1,1,0,1,1,1,1,1,0,0,0
63742,,,1,0,1,1,0,1,1,1,1,0,0,0
149268,,,0,2,2,0,2,2,12,0.151433,0.162064,8268,0,0
151632,,,0,1,1,0,1,1,13,0.131059,0.138403,0,0,0
160341,,,1,2,3,1,2,3,12,0.154161,0.165654,1314.125052,0,0
164109,,,0,1,1,0,1,1,1,1,1,0,0,0
20548,,,1,0,1,1,0,1,1,1,1,0,0,0
166436,,,0,1,1,0,1,1,12,0.151345,0.161436,0,0,0
174656,,,0,2,2,0,2,2,12,0.1514,0.161919,171.923498,0,0
7017,,,3,0,3,3,0,3,12,0.147005,0.156687,502.919068,0,0
6311,,,0,2,2,0,2,2,14,0.116296,0.121228,2070,0,0
30600,,,1,0,1,1,0,1,15,0.104186,0.107586,0,0,0
15247,,,9,0,9,9,0,9,11,0.176225,0.191346,23678.693649,0,0
6403,,,6,2,8,6,2,8,11,0.174019,0.188302,25916.418323,0.035714,1
2410,,,19,0,19,19,0,19,10,0.198638,0.217919,84318.137628,0.005848,1
8065,,,0,1,1,0,1,1,13,0.14796,0.155806,0,0,0
10156,,,7,0,7,7,0,7,12,0.17364,0.187548,11530.112518,0,0
20653,,,0,2,2,0,2,2,12,0.15779,0.167057,649.194425,0,0
28564,,,0,2,2,0,2,2,11,0.166265,0.176648,2228.065887,0,0
65827,,,0,1,1,0,1,1,13,0.14796,0.155806,0,0,0
121934,,,0,2,2,0,2,2,12,0.155096,0.165212,2943.194375,0,0
2991,,,10,0,10,10,0,10,12,0.17221,0.187256,19395.930946,0,0
142540,,,0,2,2,0,2,2,2,0.75,0.833333,2,0,0
133870,,,2,0,2,2,0,2,2,0.75,0.833333,2,0,0
148281,,,0,1,1,0,1,1,13,0.146921,0.155196,0,0,0
148210,,,2,0,2,2,0,2,13,0.131936,0.139331,2070,0,0
163921,,,0,1,1,0,1,1,13,0.146921,0.155196,0,0,0
146137,,,0,1,1,0,1,1,1,1,1,0,0,0
12383,,,1,0,1,1,0,1,1,1,1,0,0,0
30865,,,4,0,4,4,0,4,12,0.15075,0.161697,4485.877768,0,0
120093,,,0,2,2,0,2,2,14,0.142719,0.149428,1034.5,0,0
1279,,,2,0,2,2,0,2,15,0.124917,0.129566,0.5,0,0
154357,,,0,2,2,0,2,2,16,0.096604,0.100913,2070,0,0
145270,,,1,0,1,1,0,1,17,0.088098,0.091083,0,0,0
164665,,,0,2,2,0,2,2,14,0.142719,0.149428,1034.5,0,0
175006,,,0,1,1,0,1,1,2,0.6,0.666667,0,0,0
8539,,,3,0,3,3,0,3,1,1,1,3,0,0
18705,,,2,0,2,2,0,2,13,0.131034,0.137372,2070,0,0
4242,,,5,1,6,5,1,6,12,0.157586,0.16999,12100.835551,0,0
64535,,,0,2,2,0,2,2,13,0.129851,0.134769,2070,0,0
25627,,,2,1,3,2,1,3,12,0.149197,0.156535,6206,0,0
176862,,,0,1,1,0,1,1,14,0.11586,0.120068,0,0,0
19433,,,0,1,1,0,1,1,16,0.096595,0.100591,0,0,0
8151,,,6,0,6,6,0,6,15,0.106918,0.113356,18589,0,0
6310,,,3,0,3,3,0,3,13,0.135643,0.145055,23258.187287,0,0
9904,,,1,0,1,1,0,1,14,0.114934,0.118257,0,0,0
162459,,,0,2,2,0,2,2,16,0.096604,0.100913,2070,0,0
178835,,,0,1,1,0,1,1,16,0.096595,0.100591,0,0,0
2128,,,0,1,1,0,1,1,1,1,1,0,0,0
7733,,,1,0,1,1,0,1,1,1,1,0,0,0
107755,,,0,1,1,0,1,1,1,1,1,0,0,0
7590,,,1,0,1,1,0,1,1,1,1,0,0,0
165699,,,0,1,1,0,1,1,17,0.093183,0.095502,0,0,0
1224,,,2,0,2,2,0,2,16,0.102754,0.106021,2070,0,0
3594,,,0,1,1,0,1,1,12,0.142259,0.15031,0,0,0
4093,,,12,0,12,12,0,12,11,0.165839,0.180608,48467.808955,0,0
8512,,,0,2,2,0,2,2,12,0.142317,0.150873,6204,0,0
8272,,,3,0,3,3,0,3,13,0.124624,0.130605,4139,0,0
11558,,,0,1,1,0,1,1,14,0.11082,0.114758,0,0,0
10860,,,3,0,3,3,0,3,14,0.131576,0.138111,9300.5,0,0
27786,,,1,1,2,1,1,2,12,0.142582,0.151556,4542.187375,0,0
62756,,,0,1,1,0,1,1,12,0.142259,0.15031,0,0,0
140800,,,0,1,1,0,1,1,12,0.142259,0.15031,0,0,0
7977,,,1,0,1,1,0,1,17,0.088098,0.091083,0,0,0
1797,,,0,1,1,0,1,1,15,0.103882,0.107508,0,0,0
63605,,,2,0,2,2,0,2,14,0.115919,0.12121,2070,0,0
62446,,,0,2,2,0,2,2,12,0.179556,0.194707,344.678134,0,0
15521,,,9,0,9,9,0,9,12,0.20029,0.222621,8757.735883,0,0
116029,,,3,0,3,3,0,3,13,0.131576,0.138743,6206,0,0
8627,,,0,1,1,0,1,1,14,0.116283,0.120906,0,0,0
140757,,,0,1,1,0,1,1,1,1,1,0,0,0
30023,,,1,0,1,1,0,1,1,1,1,0,0,0
20909,,,1,5,6,1,5,6,12,0.153783,0.166071,4496.263241,0,0
64063,,,1,1,2,1,1,2,11,0.176586,0.188024,1683.730435,0,0
1121,,,1,0,1,1,0,1,13,0.135359,0.143394,0,0,0
6307,,,22,0,22,22,0,22,11,0.208981,0.236601,51473.820987,0,0
14815,,,0,1,1,0,1,1,13,0.158868,0.172262,0,0,0
1240,,,11,0,11,11,0,11,12,0.188856,0.2137,14791.518929,0,0
140756,,,1,0,1,1,0,1,3,0.5,0.611111,0,0,0
1308,,,0,2,2,0,2,2,13,0.131093,0.138846,4138,0,0
2270,,,0,2,2,0,2,2,11,0.180448,0.194291,12198.192614,0,0
9258,,,0,2,2,0,2,2,13,0.138909,0.147606,222.104429,0,0
10306,,,0,1,1,0,1,1,1,1,1,0,0,0
16478,,,1,0,1,1,0,1,1,1,1,0,0,0
164075,,,0,4,4,0,4,4,13,0.131384,0.140028,6442.564959,0,0
28256,,,2,0,2,2,0,2,14,0.116146,0.121823,2070,0,0
164607,,,0,3,3,0,3,3,13,0.146963,0.15584,4139,0,0
7912,,,1,0,1,1,0,1,14,0.12814,0.133644,0,0,0
161993,,,1,0,1,1,0,1,14,0.12814,0.133644,0,0,0
176248,,,0,1,1,0,1,1,14,0.115337,0.119206,0,0,0
1380,,,2,0,2,2,0,2,13,0.130366,0.136125,2070,0,0
65973,,,0,1,1,0,1,1,13,0.124564,0.128706,0,0,0
3949,,,3,0,3,3,0,3,12,0.142278,0.148813,4139,0,0
4503,,,21,0,21,21,0,21,10,0.212301,0.234443,100803.883435,0,0
5187,,,0,4,4,0,4,4,11,0.184845,0.198638,9337.527765,0,0
24625,,,2,0,2,2,0,2,12,0.156043,0.164011,2070,0,0
5581,,,0,2,2,0,2,2,11,0.184713,0.197753,1065.527765,0,0
8357,,,0,1,1,0,1,1,11,0.175137,0.185972,0,0,0
28338,,,0,2,2,0,2,2,11,0.16902,0.180496,2337.279669,0,0
14908,,,0,1,1,0,1,1,12,0.191458,0.20773,0,0,0
14087,,,2,0,2,2,0,2,12,0.156043,0.164011,2070,0,0
8873,,,1,0,1,1,0,1,14,0.116133,0.121501,0,0,0
12708,,,0,5,5,0,5,5,12,0.148416,0.157665,8345.315135,0,0
4844,,,3,0,3,3,0,3,13,0.136646,0.144069,2171.486905,0,0
8655,,,1,0,1,1,0,1,13,0.129244,0.134735,0,0,0
27199,,,1,0,1,1,0,1,13,0.129244,0.134735,0,0,0
22732,,,0,1,1,0,1,1,12,0.14407,0.150243,0,0,0
9589,,,1,0,1,1,0,1,13,0.129244,0.134735,0,0,0
23810,,,0,2,2,0,2,2,11,0.165813,0.175844,6204,0,0
3806,,,0,1,1,0,1,1,12,0.191458,0.20773,0,0,0
28286,,,0,1,1,0,1,1,12,0.191458,0.20773,0,0,0
9835,,,0,2,2,0,2,2,14,0.123834,0.130803,2070,0,0
8387,,,1,0,1,1,0,1,15,0.110195,0.114764,0,0,0
65006,,,0,1,1,0,1,1,1,1,1,0,0,0
109043,,,1,0,1,1,0,1,1,1,1,0,0,0
28456,,,0,2,2,0,2,2,11,0.184713,0.197753,1065.527765,0,0
12256,,,0,2,2,0,2,2,12,0.200601,0.219587,6305.834003,0,0
63919,,,34,0,34,34,0,34,13,0.192151,0.219627,58012.537206,0,0
6066,,,53,0,53,54,0,54,11,0.245292,0.281602,227515.418123,0.002903,4
8095,,,0,1,1,0,1,1,13,0.165073,0.173879,0,0,0
28712,,,0,1,1,0,1,1,14,0.152875,0.1616,0,0,0
14256,,,4,0,4,4,0,4,13,0.180448,0.195801,4727.888577,0,0
64549,,,0,1,1,0,1,1,12,0.149834,0.158147,0,0,0
143710,,,0,2,2,0,2,2,11,0.201048,0.216008,10189.891746,0,0
25160,,,0,1,1,0,1,1,14,0.11082,0.114758,0,0,0
5559,,,0,1,1,0,1,1,13,0.159063,0.171872,0,0,0
6502,,,14,0,14,14,0,14,12,0.189132,0.213386,20614.152632,0,0
5047,,,25,0,25,25,0,25,10,0.227233,0.255339,130612.808908,0,0
2497,,,0,4,4,0,4,4,13,0.194734,0.21368,16163.407259,0,0
23195,,,0,1,1,0,1,1,13,0.146921,0.155196,0,0,0
63495,,,0,1,1,0,1,1,11,0.175137,0.185972,0,0,0
2136,,,37,0,37,37,0,37,12,0.225476,0.259324,130094.885847,0.001502,1
4115,,,0,8,8,0,8,8,13,0.193497,0.214219,12816.249403,0,0
1318,,,7,0,7,7,0,7,12,0.180794,0.197232,8746.876137,0,0
116245,,,8,0,8,8,0,8,13,0.184318,0.202404,7010.287104,0,0
2146,,,13,0,13,13,0,13,13,0.183697,0.202405,24304.015323,0,0
148998,,,4,0,4,4,0,4,13,0.169671,0.183151,4261.220086,0,0
12206,,,13,0,13,13,0,13,13,0.186593,0.206364,20861.107677,0,0
3226,,,16,0,16,16,0,16,12,0.20987,0.235528,41069.307958,0.008333,1
12484,,,8,0,8,8,0,8,14,0.167787,0.184253,3423.673513,0,0
126136,,,4,0,4,4,0,4,14,0.167557,0.182603,410.656205,0,0
5218,,,0,1,1,0,1,1,2,0.666667,0.75,0,0,0
4798,,,2,0,2,2,0,2,1,1,1,1,0,0
160343,,,0,1,1,0,1,1,2,0.6,0.666667,0,0,0
165247,,,0,1,1,0,1,1,11,0.175137,0.185972,0,0,0
65881,,,0,2,2,0,2,2,12,0.189012,0.208595,42.712625,0,0
5073,,,66,0,66,66,0,66,11,0.225182,0.266689,98962.327205,0.002797,6
17828,,,48,0,48,48,0,48,11,0.223361,0.258219,57499.84978,0.00266,3
115406,,,0,1,1,0,1,1,12,0.183811,0.201916,0,0,0
160475,,,0,1,1,0,1,1,14,0.157263,0.167895,0,0,0
163877,,,0,1,1,0,1,1,2,0.666667,0.75,0,0,0
29609,,,0,1,1,0,1,1,12,0.155212,0.165746,0,0,0
63927,,,5,2,7,5,2,7,11,0.183713,0.20266,9600.43493,0,0
3362,,,0,1,1,0,1,1,12,0.200019,0.229198,0,0,0
29942,,,0,1,1,0,1,1,12,0.200019,0.229198,0,0,0
10793,,,1,1,2,1,1,2,12,0.200058,0.22952,1034.5,0,0
2390,,,0,1,1,0,1,1,12,0.200019,0.229198,0,0,0
9411,,,0,1,1,0,1,1,12,0.200019,0.229198,0,0,0
12785,,,1,1,2,1,1,2,12,0.200058,0.22952,1034.5,0,0
13864,,,0,2,2,0,2,2,12,0.165707,0.179073,251.133585,0,0
62655,,,1,1,2,1,1,2,12,0.200058,0.22952,387.287859,0,0
163579,,,0,2,2,0,2,2,12,0.200406,0.230284,827.508779,0,0
8815,,,5,0,5,5,0,5,12,0.183762,0.203433,2310.778516,0,0
29205,,,0,1,1,0,1,1,12,0.196994,0.212721,0,0,0
14382,,,0,1,1,0,1,1,12,0.169227,0.182096,0,0,0
29028,,,17,0,17,17,0,17,11,0.203678,0.228754,17145.394769,0,0
151161,,,0,2,2,0,2,2,14,0.145794,0.153786,400.563596,0,0
1045,,,5,0,5,5,0,5,14,0.155667,0.165733,9222.938369,0,0
3851,,,4,0,4,4,0,4,13,0.165826,0.178014,4885.429484,0,0
25362,,,0,2,2,0,2,2,12,0.169587,0.18334,509.840644,0,0
10247,,,6,1,7,6,1,7,13,0.168169,0.185797,6758.825524,0,0
2663,,,2,1,3,2,1,3,12,0.205273,0.234751,3569.480044,0,0
6573,,,0,1,1,0,1,1,12,0.200019,0.229198,0,0,0
64102,,,0,1,1,0,1,1,12,0.200019,0.229198,0,0,0
155734,,,0,5,5,0,5,5,12,0.205009,0.237173,5924.654145,0,0
165360,,,0,1,1,0,1,1,12,0.200019,0.229198,0,0,0
9359,,,12,0,12,12,0,12,12,0.183274,0.206584,12286.538253,0,0
9777,,,0,1,1,0,1,1,12,0.200019,0.229198,0,0,0
62169,,,0,2,2,0,2,2,12,0.201166,0.231326,416.753592,0,0
158743,,,0,1,1,0,1,1,12,0.200019,0.229198,0,0,0
11748,,,0,1,1,0,1,1,13,0.138196,0.143646,0,0,0
11446,,,2,0,2,2,0,2,12,0.160344,0.16917,2070,0,0
106189,,,0,2,2,0,2,2,12,0.200058,0.22952,2070,0,0
25969,,,1,0,1,1,0,1,13,0.16672,0.181912,0,0,0
5071,,,1,1,2,1,1,2,12,0.200058,0.22952,387.287859,0,0
6375,,,1,1,2,1,1,2,12,0.207494,0.236998,3774.683481,0,0
24283,,,0,2,2,0,2,2,12,0.201244,0.231617,1622.850773,0,0
163983,,,0,2,2,0,2,2,12,0.20029,0.230107,2730.167476,0,0
4809,,,0,2,2,0,2,2,12,0.200135,0.229705,2209.309995,0,0
6140,,,0,1,1,0,1,1,12,0.200019,0.229198,0,0,0
10345,,,0,1,1,0,1,1,12,0.200019,0.229198,0,0,0
11535,,,2,0,2,2,0,2,13,0.167394,0.183438,253.635355,0,0
6574,,,0,1,1,0,1,1,12,0.200019,0.229198,0,0,0
142953,,,0,1,1,0,1,1,12,0.200019,0.229198,0,0,0
5597,,,0,1,1,0,1,1,12,0.200019,0.229198,0,0,0
8336,,,0,1,1,0,1,1,12,0.200019,0.229198,0,0,0
10609,,,0,1,1,0,1,1,12,0.200019,0.229198,0,0,0
14503,,,0,1,1,0,1,1,12,0.200019,0.229198,0,0,0
24755,,,0,1,1,0,1,1,12,0.200019,0.229198,0,0,0
110330,,,0,3,3,0,3,3,12,0.200251,0.230268,1410.911187,0,0
4016,,,6,0,6,6,0,6,13,0.179603,0.199912,3052.442147,0,0
12123,,,3,0,3,3,0,3,12,0.194351,0.211875,2760.843188,0,0
141038,,,0,2,2,0,2,2,12,0.173363,0.187741,321.742924,0,0
110289,,,0,2,2,0,2,2,13,0.154922,0.16779,2070,0,0
62590,,,1,0,1,1,0,1,14,0.13415,0.142099,0,0,0
65268,,,0,1,1,0,1,1,12,0.155212,0.165746,0,0,0
142812,,,1,3,4,1,3,4,12,0.201911,0.220773,8588.702642,0,0
16603,,,8,0,8,8,0,8,11,0.214035,0.23245,17672.255924,0,0
8479,,,4,2,6,4,2,6,12,0.200892,0.231668,6929.42376,0,0
119417,,,1,0,1,1,0,1,13,0.167299,0.182938,0,0,0
3138,,,6,1,7,6,1,7,12,0.207577,0.238653,14939.848076,0,0
112718,,,0,2,2,0,2,2,14,0.143045,0.152753,2070,0,0
2710,,,1,0,1,1,0,1,15,0.125151,0.131418,0,0,0
176378,,,0,1,1,0,1,1,12,0.155212,0.165746,0,0,0
5824,,,0,1,1,0,1,1,12,0.200019,0.229198,0,0,0
20338,,,0,1,1,0,1,1,12,0.200019,0.229198,0,0,0
24316,,,0,1,1,0,1,1,12,0.169227,0.182096,0,0,0
114415,,,0,2,2,0,2,2,11,0.166319,0.176289,1961.848003,0,0
148276,,,2,0,2,2,0,2,12,0.150618,0.158008,724.334285,0,0
28877,,,0,1,1,0,1,1,11,0.175137,0.185972,0,0,0
163627,,,0,2,2,0,2,2,10,0.218899,0.250767,26091.915049,0,0
31474,,,0,4,4,0,4,4,13,0.188461,0.20916,10751.123046,0,0
2290,,,5,0,5,5,0,5,13,0.197822,0.220291,6765.23369,0,0
65570,,,0,2,2,0,2,2,12,0.20029,0.230107,2730.167476,0,0
177795,,,0,2,2,0,2,2,12,0.20029,0.230107,2730.167476,0,0
25283,,,21,0,21,21,0,21,12,0.203598,0.231728,20953.70854,0,0
29342,,,0,2,2,0,2,2,12,0.201166,0.231326,416.753592,0,0
3813,,,45,0,45,45,0,45,12,0.205844,0.240872,47394.341176,0.00202,2
160163,,,0,1,1,0,1,1,12,0.200019,0.229198,0,0,0
13506,,,6,0,6,6,0,6,13,0.161456,0.175034,9413.027023,0,0
24474,,,9,2,11,9,2,11,10,0.198982,0.217252,31796.353314,0,0
8543,,,5,1,6,5,1,6,12,0.221972,0.253516,16134.206865,0,0
146197,,,0,2,2,0,2,2,13,0.170467,0.188631,18.147077,0,0
16476,,,1,7,8,1,7,8,12,0.205354,0.240702,12981.12951,0,0
11060,,,3,1,4,3,1,4,12,0.200135,0.230163,3753.879945,0,0
62836,,,0,1,1,0,2,2,12,0.192597,0.20937,0,0,0
8762,,,18,1,19,19,1,20,11,0.238512,0.274066,78657.808545,0,0
13046,,,0,2,2,0,2,2,13,0.16791,0.184462,5.144975,0,0
25987,,,1,3,4,1,3,4,12,0.201655,0.233167,4311.79253,0,0
65141,,,0,2,2,0,2,2,14,0.147266,0.159197,1470.415497,0,0
25761,,,2,1,3,2,1,3,13,0.170005,0.188386,3271.554602,0,0
3647,,,0,1,1,0,1,1,14,0.133673,0.140776,0,0,0
6543,,,2,0,2,2,0,2,13,0.154287,0.165766,2070,0,0
30169,,,0,1,1,0,1,1,13,0.170145,0.18181,0,0,0
64690,,,4,6,10,4,6,10,12,0.205009,0.227713,9732.463472,0,0
3622,,,0,3,3,0,3,3,12,0.202682,0.234184,872.053815,0,0
62898,,,0,1,1,0,1,1,12,0.200019,0.229198,0,0,0
4990,,,4,0,4,4,0,4,15,0.140179,0.150554,2965.166602,0,0
10639,,,20,0,20,20,0,20,13,0.179884,0.202905,10466.84636,0.005263,1
5377,,,0,2,2,0,2,2,13,0.173132,0.185454,12.404762,0,0
16477,,,5,3,8,5,3,8,12,0.205293,0.227498,10991.791727,0.178571,5
30884,,,0,6,6,0,6,6,12,0.160344,0.175114,7732.673029,0,0
266297,,,7,1,8,7,1,8,11,0.186442,0.207803,11856.931962,0,0
25399,,,0,2,2,0,2,2,13,0.169615,0.185074,267.120531,0,0
7127,,,14,0,14,14,0,14,13,0.171611,0.194144,10781.06336,0,0
27923,,,0,2,2,0,2,2,14,0.143471,0.15355,2070,0,0
14007,,,1,0,1,1,0,1,15,0.125477,0.131957,0,0,0
3964,,,10,0,10,10,0,10,13,0.171668,0.19412,10535.792381,0,0
13380,,,1,0,1,1,0,1,13,0.138196,0.146799,0,0,0
9293,,,0,1,1,0,1,1,12,0.200019,0.229198,0,0,0
29264,,,1,0,1,1,0,1,13,0.138196,0.146799,0,0,0
64304,,,1,0,1,1,0,1,13,0.138196,0.146799,0,0,0
7922,,,4,0,4,4,0,4,13,0.167462,0.184223,6991.031457,0,0
8551,,,0,5,5,0,5,5,12,0.201872,0.23371,5310.98029,0.1,1
13990,,,2,1,3,2,1,3,12,0.202424,0.232823,2901.73779,0.333333,1
10846,,,1,0,1,1,0,1,13,0.167978,0.184163,0,0,0
5505,,,0,2,2,0,2,2,14,0.146609,0.159602,78.437772,0,0
6214,,,0,2,2,0,2,2,12,0.201107,0.231371,231.464263,0,0
6768,,,0,3,3,0,3,3,13,0.170117,0.186719,1094.092515,0,0
8193,,,0,3,3,0,3,3,12,0.185823,0.205771,522.810295,0,0
8219,,,0,3,3,0,3,3,12,0.203859,0.23632,1372.221766,0,0
150278,,,0,3,3,0,3,3,12,0.20284,0.234401,591.653646,0,0
175319,,,0,3,3,0,3,3,12,0.20284,0.234401,591.653646,0,0
19402,,,0,1,1,0,1,1,12,0.200019,0.229198,0,0,0
23062,,,0,1,1,0,1,1,13,0.17072,0.187248,0,0,0
23577,,,0,2,2,0,2,2,12,0.202444,0.233258,291.634445,0,0
24621,,,2,0,2,2,0,2,13,0.170411,0.188389,2070,0,0
163977,,,0,1,1,0,1,1,1,1,1,0,0,0
27937,,,1,0,1,1,0,1,1,1,1,0,0,0
165052,,,0,2,2,0,2,2,14,0.145395,0.156306,1372.099673,0,0
66278,,,3,0,3,3,0,3,13,0.16913,0.186227,5407.3403,0,0
150139,,,2,0,2,2,0,2,15,0.129268,0.138251,133.207271,0,0
64891,,,0,3,3,0,3,3,13,0.171355,0.19112,256.837586,0,0
28676,,,1,3,4,1,3,4,12,0.203718,0.236047,2919.01347,0,0
12868,,,0,1,1,0,1,1,12,0.157156,0.168882,0,0,0
61171,,,0,2,2,0,2,2,12,0.194023,0.211236,6417.946558,0,0
65708,,,0,2,2,0,2,2,12,0.200698,0.230799,2247.381368,0,0
21519,,,0,1,1,0,1,1,12,0.191458,0.20773,0,0,0
10033,,,0,2,2,0,2,2,14,0.14796,0.16231,43.947492,0,0
28303,,,0,3,3,0,3,3,12,0.202761,0.23447,1211.97753,0,0
62225,,,1,1,2,1,1,2,13,0.170734,0.187489,0,1,1
61060,,,0,4,4,0,4,4,12,0.201655,0.232765,7079.036056,0,0
2113,,,0,3,3,0,3,3,12,0.202761,0.23447,1211.97753,0,0
12378,,,0,2,2,0,2,2,14,0.14796,0.16231,43.947492,0,0
24032,,,0,1,1,0,1,1,14,0.146485,0.158727,0,0,0
6376,,,0,1,1,0,1,1,12,0.200019,0.229198,0,0,0
28450,,,0,1,1,0,1,1,12,0.200019,0.229198,0,0,0
22612,,,1,0,1,1,0,1,13,0.167828,0.183724,0,0,0
31763,,,0,1,1,0,1,1,14,0.144673,0.15469,0,0,0
65461,,,0,4,4,0,4,4,13,0.186074,0.207922,7718.068431,0,0
7906,,,2,1,3,2,1,3,14,0.158746,0.172858,4042.291201,0,0
8213,,,3,1,4,3,1,4,14,0.177403,0.194062,4568.068824,0,0
9402,,,0,3,3,0,3,3,12,0.203859,0.23632,1372.221766,0,0
224604,,,0,2,2,0,2,2,12,0.202444,0.233258,291.634445,0,0
3833,,,0,3,3,0,3,3,3,0.533333,0.645833,19,0,0
2916,,,1,0,1,1,0,1,4,0.363636,0.4375,0,0,0
4768,,,2,0,2,2,0,2,4,0.444444,0.552083,12,0,0
10549,,,3,0,3,3,0,3,4,0.5,0.635417,17,0,0
119316,,,0,1,1,0,1,1,2,0.666667,0.75,0,0,0
15709,,,0,1,1,0,1,1,14,0.142946,0.152178,0,0,0
5134,,,2,0,2,2,0,2,13,0.166774,0.182299,2070,0,0
23898,,,0,1,1,0,1,1,12,0.161381,0.170351,0,0,0
2817,,,11,0,11,11,0,11,11,0.192418,0.209469,16426.655428,0,0
29156,,,0,1,1,0,1,1,12,0.176105,0.19191,0,0,0
20036,,,0,1,1,0,1,1,2,0.666667,0.75,0,0,0
12379,,,0,1,1,0,1,1,12,0.176105,0.19191,0,0,0
19807,,,0,1,1,0,1,1,12,0.176105,0.19191,0,0,0
136724,,,0,1,1,0,1,1,1,1,1,0,0,0
5671,,,1,0,1,1,0,1,1,1,1,0,0,0
138124,,,0,5,5,0,5,5,12,0.182387,0.202916,7874.088101,0,0
13531,,,2,0,2,2,0,2,13,0.170327,0.188786,64.538154,0,0
4839,,,54,0,54,54,0,54,11,0.251243,0.289533,155428.977457,0.008386,12
144795,,,0,3,3,0,3,3,12,0.204563,0.225105,257.176655,0,0
21487,,,2,2,4,2,2,4,12,0.194405,0.210537,8844.604946,0,0
2285,,,30,0,30,30,0,30,12,0.225845,0.256072,75671.183624,0,0
13145,,,3,0,3,3,0,3,13,0.162827,0.172341,4139,0,0
61596,,,0,1,1,0,1,1,12,0.192597,0.20937,0,0,0
162264,,,0,1,1,0,1,1,12,0.183323,0.198143,0,0,0
6435,,,2,1,3,2,1,3,11,0.22445,0.25412,26928.7918,0,0
148209,,,0,2,2,0,2,2,1,1,1,1,0,0
4062,,,1,0,1,1,0,1,2,0.666667,0.75,0,0,0
6475,,,1,0,1,1,0,1,2,0.666667,0.75,0,0,0
30466,,,0,1,1,0,1,1,1,1,1,0,0,0
9466,,,1,0,1,1,0,1,1,1,1,0,0,0
64180,,,0,1,1,0,1,1,1,1,1,0,0,0
62491,,,1,0,1,1,0,1,1,1,1,0,0,0
1397,,,0,2,2,0,2,2,12,0.200135,0.229761,1267.305299,0,0
25119,,,4,0,4,4,0,4,13,0.175747,0.194655,2174.622999,0,0
14470,,,0,3,3,0,3,3,12,0.20294,0.234634,3173.769676,0,0
2556,,,1,2,3,1,2,3,12,0.210832,0.242299,10573.744543,0,0
7692,,,0,1,1,0,1,1,12,0.200019,0.229198,0,0,0
28834,,,0,2,2,0,2,2,12,0.20029,0.230188,477.051307,0,0
163887,,,0,5,5,0,5,5,13,0.169296,0.182386,2521.082113,0,0
4560,,,2,0,2,2,0,2,13,0.17923,0.196907,498.597512,0,0
12403,,,1,0,1,1,0,1,14,0.144795,0.152508,0,0,0
31587,,,4,0,4,4,0,4,13,0.181396,0.201442,3014.193174,0,0
147337,,,0,1,1,0,1,1,2,0.666667,0.75,0,0,0
29268,,,2,0,2,2,0,2,1,1,1,1,0,0
112401,,,1,1,2,1,1,2,15,0.141772,0.150652,2070,0,0
160225,,,1,0,1,1,0,1,16,0.124176,0.129933,0,0,0
5726,,,0,1,1,0,1,1,15,0.122241,0.128893,0,0,0
28924,,,4,0,4,4,0,4,14,0.139255,0.149824,4215.588966,0,0
3556,,,0,1,1,0,1,1,13,0.15265,0.159881,0,0,0
100572,,,2,0,2,2,0,2,12,0.180134,0.192517,2070,0,0
154313,,,0,1,1,0,1,1,14,0.145069,0.152946,0,0,0
13782,,,0,1,1,0,1,1,12,0.192597,0.20937,0,0,0
128718,,,0,4,4,0,4,4,12,0.213,0.247711,8810.772828,0,0
2184,,,23,0,23,23,0,23,13,0.21537,0.247534,73405.959148,0.003953,1
2346,,,0,1,1,0,1,1,13,0.18146,0.194556,0,0,0
12141,,,25,0,25,25,0,25,12,0.221663,0.248711,59674.511367,0,0
61400,,,0,1,1,0,1,1,13,0.166882,0.178872,0,0,0
1468,,,0,1,1,0,1,1,12,0.200019,0.229198,0,0,0
60887,,,0,1,1,0,1,1,13,0.181667,0.197387,0,0,0
164506,,,0,5,5,0,5,5,12,0.209171,0.241596,18465.504944,0,0
12171,,,23,0,23,23,0,23,13,0.201675,0.229797,30227.983968,0,0
14624,,,2,0,2,2,0,2,13,0.174591,0.19181,32.400653,0,0
157075,,,0,3,3,0,3,3,12,0.204442,0.22458,12135.918359,0,0
6104,,,6,0,6,6,0,6,12,0.181794,0.194339,7699.835393,0,0
162957,,,0,1,1,0,1,1,13,0.15384,0.160995,0,0,0
62685,,,1,1,2,1,1,2,12,0.177312,0.194479,622.332983,0,0
31142,,,6,1,7,6,1,7,12,0.189513,0.20773,16359.088324,0,0
139985,,,0,2,2,0,2,2,13,0.171554,0.184423,353.643138,0,0
10984,,,11,0,11,11,0,11,12,0.186795,0.205451,14979.174101,0,0
7652,,,11,0,11,11,0,11,12,0.19677,0.216868,11532.251701,0,0
25124,,,0,2,2,0,2,2,13,0.171611,0.182681,2605.984998,0,0
25870,,,0,1,1,0,1,1,13,0.15384,0.160995,0,0,0
6528,,,0,1,1,0,1,1,13,0.140913,0.149868,0,0,0
100080,,,9,0,9,9,0,9,12,0.164014,0.180022,17287.270418,0,0
15027,,,0,1,1,0,1,1,1,1,1,0,0,0
164363,,,1,0,1,1,0,1,1,1,1,0,0,0
14834,,,7,0,7,7,0,7,13,0.177784,0.193035,12265.982873,0,0
101202,,,0,1,1,0,1,1,14,0.150959,0.159514,0,0,0
4371,,,1,1,2,1,1,2,12,0.203638,0.220834,1362.450696,0,0
1533,,,0,1,1,0,1,1,13,0.170145,0.18181,0,0,0
25033,,,0,1,1,0,1,1,2,0.6,0.666667,0,0,0
7250,,,3,0,3,3,0,3,1,1,1,3,0,0
112759,,,0,1,1,0,1,1,2,0.6,0.666667,0,0,0
65350,,,0,1,1,0,1,1,14,0.149488,0.160327,0,0,0
5608,,,0,2,2,0,2,2,13,0.186342,0.201656,2312.286381,0,0
29278,,,0,3,3,0,3,3,12,0.18496,0.197878,4238.773719,0,0
13704,,,0,2,2,0,2,2,12,0.183258,0.197347,331.750574,0,0
5180,,,15,0,15,15,0,15,11,0.22233,0.245895,39614.047992,0.009524,1
101310,,,22,0,22,22,0,22,12,0.200348,0.222559,28473.34512,0,0
1078,,,12,0,12,12,0,12,11,0.204402,0.223702,22201.26888,0.030303,2
1478,,,5,0,5,5,0,5,13,0.163897,0.177286,5950.070929,0,0
118081,,,0,1,1,0,1,1,14,0.126775,0.131162,0,0,0
100423,,,2,0,2,2,0,2,13,0.14517,0.151848,2070,0,0
62288,,,0,2,2,0,2,2,1,1,1,1,0,0
1722,,,1,0,1,1,0,1,2,0.666667,0.75,0,0,0
238455,,,0,1,1,0,1,1,1,1,1,0,0,0
100004,,,1,0,1,1,0,1,1,1,1,0,0,0
1902,,,0,2,2,0,2,2,1,1,1,0,1,1
13765,,,1,1,2,1,1,2,1,1,1,0,1,1
112968,,,2,0,2,2,0,2,1,1,1,0,1,1
5888,,,0,2,2,0,2,2,12,0.166882,0.180008,2070,0,0
6266,,,10,2,12,10,2,12,11,0.200251,0.225266,25810.576923,0.015152,1
12947,,,0,2,2,0,2,2,12,0.178982,0.194546,382.999687,0,0
14918,,,0,1,1,0,1,1,13,0.166922,0.178059,0,0,0
15446,,,0,2,2,0,2,2,13,0.172067,0.18644,229.393138,0,0
6730,,,6,3,9,6,3,9,12,0.176903,0.198181,4038.541224,0,0
15752,,,0,2,2,0,2,2,12,0.183226,0.199061,1773.271601,0,0
8530,,,34,3,37,34,3,37,11,0.224086,0.257027,154381.842882,0,0
21776,,,0,1,1,0,1,1,12,0.181906,0.193723,0,0,0
23812,,,0,4,4,0,4,4,12,0.205192,0.226263,10611.836326,0,0
7257,,,17,0,17,17,0,17,11,0.200174,0.222956,42413.905863,0.007353,1
13467,,,6,0,6,6,0,6,11,0.205334,0.222579,18056.957777,0,0
24344,,,1,3,4,1,3,4,12,0.189565,0.207053,5768.907421,0,0
24473,,,0,3,3,0,3,3,12,0.182789,0.200766,5827.029657,0,0
24710,,,0,1,1,0,1,1,12,0.169726,0.179852,0,0,0
25937,,,0,1,1,0,1,1,12,0.181906,0.193723,0,0,0
30137,,,1,1,2,1,1,2,12,0.183681,0.200059,1455.692405,0,0
30546,,,0,6,6,0,6,6,12,0.183372,0.200605,4818.270669,0,0
2403,,,5,3,8,5,3,8,12,0.176661,0.19796,4247.065012,0,0
9459,,,10,2,12,10,2,12,12,0.205538,0.229585,37794.914951,0.030303,2
28272,,,7,0,7,7,0,7,12,0.198924,0.21749,10927.700524,0,0
61745,,,0,4,4,0,4,4,12,0.181111,0.200923,233.955036,0.333333,2
104904,,,1,1,2,1,1,2,12,0.17171,0.184342,242.222715,0,0
133468,,,0,4,4,0,4,4,12,0.191635,0.212254,3191.765876,0,0
133731,,,0,1,1,0,1,1,13,0.156526,0.169101,0,0,0
5020,,,7,3,10,7,3,10,12,0.185557,0.20921,7469.46201,0.066667,3
137642,,,0,1,1,0,1,1,14,0.140683,0.150073,0,0,0
112033,,,1,1,2,1,1,2,13,0.163702,0.179958,2070,0,0
138404,,,0,2,2,0,2,2,12,0.184154,0.201571,410.307293,0,0
151586,,,0,2,2,0,2,2,12,0.166828,0.178753,2070,0,0
64542,,,1,0,1,1,0,1,13,0.142985,0.15015,0,0,0
155794,,,0,2,2,0,2,2,12,0.169643,0.182465,1772.410874,0,0
158563,,,0,1,1,0,1,1,12,0.181906,0.193723,0,0,0
160255,,,2,1,3,2,1,3,12,0.175971,0.187909,143.452932,0.666667,2
162585,,,1,2,3,1,2,3,12,0.183096,0.200392,542.470753,0.666667,2
162732,,,0,1,1,0,1,1,1,1,1,0,0,0
133724,,,1,0,1,1,0,1,1,1,1,0,0,0
177467,,,0,1,1,0,1,1,1,1,1,0,0,0
61781,,,1,0,1,1,0,1,1,1,1,0,0,0
264265,,,0,2,2,0,2,2,12,0.175271,0.189347,419.801395,0,0
266316,,,0,2,2,0,2,2,12,0.174459,0.1879,452.106721,0,0
12250,,,0,1,1,0,1,1,14,0.138334,0.147662,0,0,0
12274,,,1,1,2,1,1,2,13,0.16053,0.176704,2070,0,0
14597,,,0,4,4,0,4,4,12,0.173654,0.192699,2147.99075,0,0
102045,,,1,0,1,1,0,1,13,0.147971,0.158567,0,0,0
12233,,,4,0,4,4,0,4,13,0.157216,0.169146,2108.70636,0,0
145206,,,1,0,1,1,0,1,2,0.666667,0.75,0,0,0
118733,,,0,1,1,0,1,1,1,1,1,0,0,0
64412,,,1,0,1,1,0,1,1,1,1,0,0,0
176861,,,0,1,1,0,1,1,1,1,1,0,0,0
5841,,,1,0,1,1,0,1,1,1,1,0,0,0
264668,,,0,2,2,0,2,2,14,0.143371,0.154834,2070,0,0
24008,,,4,3,7,4,3,7,13,0.167326,0.187612,8455.284285,0.095238,2
61567,,,1,0,1,1,0,1,13,0.143025,0.150877,0,0,0
31343,,,0,1,1,0,1,1,1,1,1,0,0,0
1920,,,1,0,1,1,0,1,1,1,1,0,0,0
65783,,,0,1,1,0,1,1,1,1,1,0,0,0
4510,,,1,0,1,1,0,1,1,1,1,0,0,0
19034,,,0,4,4,0,4,4,10,0.219921,0.253495,40448.762552,0,0
66374,,,0,1,1,0,1,1,12,0.191458,0.20773,0,0,0
15106,,,1,0,1,1,0,1,15,0.125401,0.132582,0,0,0
25279,,,6,0,6,6,0,6,12,0.1729,0.185743,8690.603228,0,0
2751,,,52,1,53,52,1,53,12,0.191175,0.225704,47827.761983,0.001508,2
7171,,,40,1,41,40,1,41,11,0.20566,0.23909,76485.729243,0.002439,2
31673,,,46,1,47,46,1,47,12,0.195691,0.230064,60798.601211,0.002775,3
4245,,,1,3,4,1,3,4,12,0.173654,0.192699,2147.99075,0,0
6315,,,0,1,1,0,1,1,13,0.160505,0.176382,0,0,0
7637,,,0,3,3,0,3,3,12,0.173625,0.192378,77.99075,0,0
8333,,,0,2,2,0,2,2,13,0.1646,0.182334,15.971409,0,0
13365,,,0,3,3,0,3,3,12,0.173625,0.192378,77.99075,0,0
13599,,,0,3,3,0,3,3,12,0.173625,0.192378,77.99075,0,0
14304,,,0,3,3,0,3,3,12,0.173625,0.192378,77.99075,0,0
15708,,,2,2,4,2,2,4,12,0.172929,0.191929,5474.814426,0,0
21186,,,0,2,2,0,2,2,13,0.1646,0.182334,15.971409,0,0
22632,,,0,3,3,0,3,3,12,0.173625,0.192378,77.99075,0,0
23000,,,0,2,2,0,2,2,12,0.172655,0.190642,53.977138,0,0
23945,,,0,3,3,0,3,3,12,0.173625,0.192378,77.99075,0,0
24689,,,0,2,2,0,2,2,13,0.1646,0.182334,15.971409,0,0
25623,,,0,2,2,0,2,2,12,0.172655,0.190642,53.977138,0,0
27845,,,0,2,2,0,2,2,13,0.1646,0.182334,15.971409,0,0
30554,,,0,3,3,0,3,3,12,0.173625,0.192378,77.99075,0,0
62821,,,0,1,1,0,1,1,13,0.163677,0.179636,0,0,0
63084,,,0,2,2,0,2,2,13,0.1646,0.182334,15.971409,0,0
63866,,,1,3,4,1,3,4,12,0.173654,0.192699,2147.99075,0,0
138608,,,0,3,3,0,3,3,12,0.173625,0.192378,77.99075,0,0
138662,,,0,2,2,0,2,2,13,0.1646,0.182334,15.971409,0,0
147885,,,0,2,2,0,2,2,12,0.173045,0.190777,8.042204,0,0
155614,,,0,3,3,0,3,3,12,0.173625,0.192378,77.99075,0,0
155795,,,0,2,2,0,2,2,12,0.172655,0.190642,53.977138,0,0
156857,,,0,3,3,0,3,3,12,0.173625,0.192378,77.99075,0,0
160272,,,0,3,3,0,3,3,12,0.173625,0.192378,77.99075,0,0
177287,,,0,1,1,0,1,1,13,0.163677,0.179636,0,0,0
2950,,,0,2,2,0,2,2,12,0.201244,0.231617,1622.850773,0,0
8526,,,0,3,3,0,3,3,12,0.179509,0.198598,520.558513,0,0
24782,,,0,1,1,0,1,1,12,0.200019,0.229198,0,0,0
62700,,,0,1,1,0,1,1,12,0.200019,0.229198,0,0,0
64708,,,0,2,2,0,2,2,12,0.201166,0.231326,416.753592,0,0
109522,,,0,1,1,0,1,1,12,0.200019,0.229198,0,0,0
127479,,,0,1,1,0,1,1,1,1,1,0,0,0
160601,,,1,0,1,1,0,1,1,1,1,0,0,0
149677,,,0,2,2,0,2,2,13,0.168005,0.182545,256.88872,0,0
9155,,,9,0,9,9,0,9,12,0.201166,0.227184,39838.844671,0,0
141037,,,0,1,1,0,1,1,1,1,1,0,0,0
28285,,,1,0,1,1,0,1,1,1,1,0,0,0
14186,,,0,4,4,0,4,4,12,0.155902,0.1685,2807.853491,0,0
62784,,,2,2,4,2,2,4,12,0.17496,0.190391,4541.516355,0,0
3011,,,4,0,4,4,0,4,13,0.160456,0.173673,2207.814924,0,0
25578,,,0,2,2,0,2,2,12,0.173509,0.190746,288.997746,0,0
29312,,,1,5,6,1,5,6,12,0.190753,0.211223,7594.570527,0.066667,1
133868,,,0,3,3,0,3,3,13,0.167652,0.183526,268.692092,0,0
134308,,,0,3,3,0,3,3,11,0.203438,0.22191,9933.721506,0,0
5902,,,0,1,1,0,1,1,13,0.162241,0.175795,0,0,0
1602,,,10,3,13,10,3,13,12,0.193642,0.219971,34028.386954,0,0
108564,,,1,0,1,1,0,1,13,0.160207,0.171241,0,0,0
138203,,,0,2,2,0,2,2,11,0.209213,0.230363,2899.254639,0,0
3171,,,1,1,2,1,1,2,12,0.19948,0.218084,4535.797977,0,0
133504,,,0,1,1,0,1,1,2,0.666667,0.75,0,0,0
2220,,,2,0,2,2,0,2,1,1,1,1,0,0
14622,,,0,1,1,0,1,1,13,0.147423,0.154842,0,0,0
7526,,,0,2,2,0,2,2,12,0.172655,0.190642,53.977138,0,0
12915,,,0,2,2,0,2,2,13,0.150816,0.159659,2070,0,0
24184,,,1,0,1,1,0,1,14,0.131059,0.136678,0,0,0
64166,,,5,0,5,5,0,5,12,0.177555,0.192572,10057.850582,0,0
14960,,,2,0,2,2,0,2,13,0.134901,0.142718,26.605076,0,0
24191,,,0,4,4,0,4,4,12,0.185923,0.203796,2864.481018,0,0
18729,,,1,0,1,1,0,1,13,0.156787,0.166694,0,0,0
7936,,,0,3,3,0,3,3,12,0.167828,0.186606,4539.883429,0,0
66698,,,0,3,3,0,3,3,13,0.14351,0.153182,2168.60215,0,0
149998,,,0,2,2,0,2,2,12,0.182628,0.196734,357.242901,0,0
62846,,,0,1,1,0,1,1,1,1,1,0,0,0
4087,,,1,0,1,1,0,1,1,1,1,0,0,0
14257,,,0,3,3,0,3,3,11,0.201636,0.221787,2428.409423,0,0
9340,,,1,0,1,1,0,1,12,0.167815,0.178697,0,0,0
17101,,,0,5,5,0,5,5,12,0.177799,0.192784,4966.277555,0,0
20245,,,0,1,1,0,1,1,12,0.166801,0.178431,0,0,0
22957,,,0,1,1,0,1,1,12,0.166801,0.178431,0,0,0
24699,,,0,2,2,0,2,2,12,0.174459,0.1879,452.106721,0,0
24878,,,0,5,5,0,5,5,12,0.174812,0.195053,602.173776,0.5,5
24996,,,0,2,2,0,2,2,12,0.16974,0.180094,0,1,1
27747,,,0,3,3,0,3,3,12,0.179276,0.192012,2359.974467,0,0
28563,,,0,1,1,0,1,1,13,0.147971,0.158567,0,0,0
29992,,,1,2,3,1,2,3,13,0.170509,0.182855,0,1,1
30236,,,0,3,3,0,3,3,14,0.14357,0.153572,2472.246045,0,0
60875,,,0,1,1,0,1,1,12,0.166855,0.179686,0,0,0
62632,,,1,3,4,1,3,4,13,0.150203,0.16307,5069.274549,0,0
62921,,,0,2,2,0,2,2,12,0.187693,0.204694,297.334475,0,0
65404,,,0,1,1,0,1,1,12,0.181906,0.193723,0,0,0
106100,,,0,2,2,0,2,2,13,0.165959,0.176349,2070,0,0
133871,,,0,2,2,0,2,2,12,0.183534,0.199441,3230.123174,0,0
133885,,,0,1,1,0,1,1,13,0.150149,0.161665,0,0,0
138122,,,0,2,2,0,2,2,12,0.170987,0.185889,695.02343,0,0
138341,,,0,3,3,0,3,3,12,0.197388,0.217166,5159.177822,0,0
138781,,,0,1,1,0,1,1,13,0.166922,0.178059,0,0,0
141197,,,0,5,5,0,5,5,12,0.17835,0.195367,5783.364429,0,0
24110,,,1,0,1,1,0,1,13,0.151367,0.160936,0,0,0
141846,,,0,2,2,0,2,2,13,0.162444,0.176552,261.183144,0,0
148169,,,0,1,1,0,1,1,13,0.166922,0.178059,0,0,0
160237,,,0,2,2,0,2,2,13,0.172196,0.18656,111.135059,0,0
162809,,,0,1,1,0,1,1,12,0.18308,0.198377,0,0,0
163888,,,0,3,3,0,3,3,12,0.188153,0.205901,3724.760563,0,0
165857,,,0,1,1,0,1,1,12,0.18308,0.198377,0,0,0
175153,,,0,1,1,0,1,1,14,0.140827,0.148639,0,0,0
241335,,,0,1,1,0,1,1,13,0.147971,0.158567,0,0,0
12181,,,0,2,2,0,2,2,13,0.16058,0.176945,6204,0,0
8488,,,3,0,3,3,0,3,14,0.138408,0.148435,4139,0,0
28937,,,0,1,1,0,1,1,15,0.121588,0.127917,0,0,0
151016,,,1,0,1,1,0,1,14,0.142347,0.148757,0,0,0
112178,,,2,0,2,2,0,2,13,0.151455,0.160753,1026.646308,0,0
24771,,,0,1,1,0,1,1,14,0.143352,0.154512,0,0,0
63804,,,1,0,1,1,0,1,13,0.152033,0.159394,0,0,0
24468,,,1,0,1,1,0,1,15,0.125553,0.13181,0,0,0
30255,,,0,1,1,0,1,1,13,0.162241,0.175795,0,0,0
63405,,,2,0,2,2,0,2,14,0.130613,0.13868,2070,0,0
141460,,,1,0,1,1,0,1,14,0.125508,0.131519,0,0,0
112754,,,0,1,1,0,1,1,14,0.135866,0.143043,0,0,0
174160,,,1,0,1,1,0,1,13,0.164862,0.175838,0,0,0
133246,,,2,3,5,2,3,5,13,0.168114,0.188465,11573.777956,0,0
174136,,,0,1,1,0,1,1,13,0.147971,0.158567,0,0,0
24856,,,1,3,4,1,3,4,12,0.173654,0.192699,2147.99075,0,0
62263,,,0,1,1,0,1,1,12,0.192597,0.20937,0,0,0
62290,,,1,1,2,1,1,2,11,0.205375,0.235108,1280.554891,0,0
147226,,,0,1,1,0,1,1,12,0.191458,0.20773,0,0,0
137069,,,0,1,1,0,1,1,13,0.159332,0.169311,0,0,0
12717,,,0,1,1,0,1,1,13,0.184253,0.198688,0,0,0
133366,,,4,0,4,4,0,4,13,0.161949,0.17299,3039.72506,0,0
165779,,,0,1,1,0,1,1,4,0.416667,0.516667,0,0,0
101317,,,3,0,3,3,0,3,3,0.625,0.766667,7,0,0
28209,,,0,1,1,0,1,1,1,1,1,0,0,0
148870,,,1,0,1,1,0,1,1,1,1,0,0,0
174648,,,0,1,1,0,1,1,13,0.147423,0.154842,0,0,0
254096,,,0,1,1,0,1,1,12,0.168854,0.177759,0,0,0
7228,,,9,0,9,9,0,9,11,0.203139,0.21978,22347.960277,0,0
62237,,,0,2,2,0,2,2,13,0.1646,0.182334,15.971409,0,0
122257,,,0,3,3,0,3,3,12,0.173625,0.192378,77.99075,0,0
65681,,,1,1,2,1,1,2,14,0.144009,0.155883,8268,0,0
156617,,,0,3,3,0,3,3,12,0.173625,0.192378,77.99075,0,0
162956,,,0,2,2,0,2,2,12,0.172655,0.190642,53.977138,0,0
212340,,,0,3,3,0,3,3,12,0.173625,0.192378,77.99075,0,0
122916,,,0,2,2,0,2,2,12,0.20029,0.230188,477.051307,0,0
31549,,,1,0,1,1,0,1,14,0.143352,0.154512,0,0,0
211897,,,0,1,1,0,1,1,1,1,1,0,0,0
122062,,,1,0,1,1,0,1,1,1,1,0,0,0
3026,,,0,1,1,0,1,1,12,0.200019,0.229198,0,0,0
63500,,,0,1,1,0,1,1,12,0.200019,0.229198,0,0,0
178538,,,0,1,1,0,1,1,12,0.176105,0.19191,0,0,0
3121,,,2,1,3,2,1,3,12,0.203778,0.234817,15.720186,0.666667,2
8073,,,0,1,1,0,1,1,2,0.666667,0.75,0,0,0
3840,,,0,1,1,0,1,1,12,0.200019,0.229198,0,0,0
9521,,,0,1,1,0,1,1,12,0.200019,0.229198,0,0,0
11930,,,0,3,3,0,3,3,12,0.206645,0.237691,4998.742149,0,0
28004,,,0,1,1,0,1,1,12,0.200019,0.229198,0,0,0
61763,,,0,1,1,0,1,1,12,0.200019,0.229198,0,0,0
123754,,,0,1,1,0,1,1,12,0.200019,0.229198,0,0,0
152291,,,0,1,1,0,1,1,12,0.200019,0.229198,0,0,0
175983,,,0,2,2,0,2,2,12,0.202444,0.233258,291.634445,0,0
175399,,,0,1,1,0,1,1,14,0.139021,0.146995,0,0,0
11096,,,0,1,1,0,1,1,14,0.158261,0.170015,0,0,0
64848,,,0,2,2,0,2,2,12,0.148939,0.157449,4803.7572,0,0
165734,,,0,5,5,0,5,5,11,0.171199,0.186218,14167.831052,0,0
10244,,,0,1,1,0,1,1,13,0.145855,0.153209,0,0,0
138747,,,2,0,2,2,0,2,12,0.170748,0.183023,2070,0,0
163113,,,1,3,4,1,3,4,13,0.13904,0.145922,5739.711166,0,0
141760,,,0,1,1,0,1,1,1,1,1,0,0,0
15110,,,1,0,1,1,0,1,1,1,1,0,0,0
130041,,,0,1,1,0,1,1,1,1,1,0,0,0
241216,,,1,0,1,1,0,1,1,1,1,0,0,0
4462,,,0,2,2,0,2,2,11,0.16576,0.175603,2070,0,0
12384,,,1,0,1,1,0,1,12,0.1422,0.14804,0,0,0
31831,,,0,1,1,0,1,1,3,0.5,0.611111,0,0,0
152189,,,1,1,2,1,1,2,11,0.16576,0.175603,2070,0,0
6053,,,1,0,1,1,0,1,14,0.122075,0.126364,0,0,0
160684,,,0,1,1,0,1,1,12,0.191458,0.20773,0,0,0
22139,,,0,3,3,0,3,3,14,0.162317,0.176387,3171.808819,0,0
11169,,,1,0,1,1,0,1,15,0.139659,0.147882,0,0,0
1356,,,1,0,1,1,0,1,14,0.122075,0.126364,0,0,0
9537,,,3,0,3,3,0,3,12,0.147802,0.155502,5183.398458,0,0
7648,,,2,0,2,2,0,2,14,0.156586,0.166175,519.986889,0,0
22623,,,0,1,1,0,1,1,1,1,1,0,0,0
106676,,,1,0,1,1,0,1,1,1,1,0,0,0
20185,,,0,3,3,0,3,3,12,0.203939,0.237272,2196.339429,0,0
148354,,,0,3,3,0,3,3,12,0.203939,0.237272,2196.339429,0,0
161797,,,0,2,2,0,2,2,1,1,1,1,0,0
15334,,,1,0,1,1,0,1,2,0.666667,0.75,0,0,0
5589,,,1,0,1,1,0,1,2,0.666667,0.75,0,0,0
2593,,,0,1,1,0,1,1,1,1,1,0,0,0
5234,,,1,0,1,1,0,1,1,1,1,0,0,0
133726,,,0,1,1,0,1,1,14,0.165099,0.179236,0,0,0
6008,,,31,0,31,31,0,31,13,0.197728,0.226645,51697.096685,0.006452,3
8902,,,0,1,1,0,1,1,12,0.176105,0.19191,0,0,0
11234,,,0,1,1,0,1,1,12,0.200019,0.229198,0,0,0
146072,,,0,1,1,0,1,1,12,0.200019,0.229198,0,0,0
117146,,,0,1,1,0,1,1,14,0.139021,0.146995,0,0,0
8257,,,0,1,1,0,1,1,12,0.176105,0.19191,0,0,0
141363,,,0,1,1,0,1,1,12,0.149834,0.158147,0,0,0
165652,,,0,1,1,0,1,1,13,0.146921,0.155196,0,0,0
166563,,,0,1,1,0,1,1,11,0.175137,0.185972,0,0,0
6830,,,0,1,1,0,1,1,11,0.165733,0.175281,0,0,0
8850,,,0,1,1,0,1,1,12,0.183811,0.201916,0,0,0
61803,,,0,4,4,0,4,4,12,0.203638,0.234415,11604.091346,0,0
8475,,,2,0,2,2,0,2,13,0.183372,0.201775,299.823677,0,0
23809,,,9,0,9,9,0,9,12,0.198391,0.220639,23396.88888,0,0
66646,,,2,0,2,2,0,2,13,0.180858,0.19905,465.923603,0,0
3502,,,0,3,3,0,3,3,12,0.203378,0.223075,1453.950691,0,0
164755,,,0,1,1,0,1,1,14,0.146526,0.158974,0,0,0
11584,,,6,0,6,6,0,6,13,0.155726,0.169009,9369.75,0,0
11376,,,0,1,1,0,1,1,1,1,1,0,0,0
2111,,,1,0,1,1,0,1,1,1,1,0,0,0
65765,,,0,1,1,0,1,1,14,0.153555,0.164888,0,0,0
4049,,,0,2,2,0,2,2,13,0.17211,0.188408,28.450033,0,0
8958,,,0,1,1,0,1,1,13,0.163625,0.172392,0,0,0
5046,,,10,0,10,10,0,10,12,0.195617,0.212108,14108.697133,0,0
61534,,,0,1,1,0,1,1,12,0.176105,0.19191,0,0,0
6431,,,0,3,3,0,3,3,12,0.202682,0.234184,872.053815,0,0
15459,,,0,1,1,0,1,1,12,0.192597,0.20937,0,0,0
13409,,,0,1,1,0,1,1,1,1,1,0,0,0
19043,,,1,0,1,1,0,1,1,1,1,0,0,0
13680,,,0,1,1,0,1,1,13,0.17154,0.182313,0,0,0
11465,,,5,1,6,5,1,6,12,0.207038,0.227243,18672.937024,0,0
13027,,,0,1,1,0,1,1,15,0.134612,0.140661,0,0,0
14477,,,3,0,3,3,0,3,14,0.155539,0.165274,4139,0,0
29008,,,0,1,1,0,1,1,13,0.172742,0.184548,0,0,0
29341,,,0,1,1,0,1,1,13,0.172742,0.184548,0,0,0
148221,,,0,2,2,0,2,2,13,0.167326,0.18326,256.358311,0,0
17452,,,2,0,2,2,0,2,13,0.162342,0.1729,120.091533,0,0
148213,,,0,2,2,0,2,2,12,0.192633,0.209692,117.798917,0,0
31479,,,0,3,3,0,3,3,12,0.179743,0.197057,464.619911,0,0
14794,,,0,2,2,0,2,2,12,0.1763,0.18929,95.230221,0,0
31732,,,0,2,2,0,2,2,13,0.170425,0.182403,6204,0,0
148296,,,0,1,1,0,1,1,12,0.192597,0.20937,0,0,0
64955,,,0,4,4,0,4,4,12,0.208728,0.233304,6518.62125,0.166667,1
150937,,,10,0,10,10,0,10,12,0.199595,0.220432,5492.031246,0,0
14620,,,3,0,3,3,0,3,14,0.14566,0.15343,4139,0,0
7561,,,0,1,1,0,1,1,13,0.149769,0.158951,0,0,0
146017,,,1,1,2,1,1,2,12,0.176135,0.192232,2070,0,0
63195,,,0,5,5,0,5,5,13,0.185507,0.203523,5221.293567,0,0
9216,,,1,0,1,1,0,1,14,0.156491,0.16642,0,0,0
10499,,,19,1,20,19,1,20,12,0.19881,0.223542,27667.779341,0.005263,1
110039,,,3,16,19,3,16,19,12,0.219781,0.248948,62597.364004,0.02924,5
8253,,,10,0,10,10,0,10,11,0.188667,0.20654,14470.435037,0,0
148277,,,0,4,4,0,4,4,12,0.204826,0.225805,336.240797,0.166667,1
136648,,,6,1,7,6,1,7,12,0.204907,0.224627,4117.03176,0.095238,2
210216,,,3,0,3,3,0,3,14,0.160842,0.173248,716.880799,0,0
31448,,,9,0,9,9,0,9,12,0.179401,0.19581,7234.350978,0,0
12801,,,0,2,2,0,2,2,1,1,1,1,0,0
15305,,,1,0,1,1,0,1,2,0.666667,0.75,0,0,0
6799,,,1,0,1,1,0,1,2,0.666667,0.75,0,0,0
30843,,,0,2,2,0,2,2,13,0.16974,0.186982,1458.975402,0,0
62072,,,0,1,1,0,1,1,4,0.421053,0.489583,0,0,0
162938,,,3,2,5,3,2,5,3,0.666667,0.791667,13.5,0.2,2
1762,,,0,2,2,0,2,2,12,0.17965,0.196493,95.561113,0,0
14883,,,0,2,2,0,2,2,12,0.202444,0.233258,291.634445,0,0
27980,,,0,1,1,0,1,1,12,0.200019,0.229198,0,0,0
125533,,,0,1,1,0,1,1,12,0.200019,0.229198,0,0,0
144058,,,0,2,2,0,2,2,12,0.200174,0.229769,737.058957,0,0
28648,,,3,0,3,3,0,3,13,0.17612,0.194519,280.473919,0,0
62262,,,0,3,3,0,3,3,12,0.209722,0.231232,7688.207166,0,0
23671,,,21,0,21,21,0,21,11,0.217817,0.245059,60191.506581,0.004762,1
10215,,,0,2,2,0,2,2,13,0.171313,0.189432,735.79032,0,0
29015,,,0,1,1,0,1,1,14,0.143451,0.153228,0,0,0
29382,,,0,2,2,0,2,2,12,0.158576,0.172453,170.54973,0,0
176235,,,0,2,2,0,2,2,12,0.191493,0.208052,2070,0,0
2061,,,0,2,2,0,2,2,12,0.201107,0.231371,231.464263,0,0
5327,,,0,3,3,0,3,3,12,0.20097,0.231781,17150.544098,0,0
30193,,,0,1,1,0,1,1,14,0.146485,0.158727,0,0,0
22205,,,0,1,1,0,1,1,14,0.134752,0.142547,0,0,0
145041,,,1,0,1,1,0,1,13,0.16073,0.169941,0,0,0
12246,,,0,1,1,0,1,1,1,1,1,0,0,0
1663,,,1,0,1,1,0,1,1,1,1,0,0,0
11516,,,0,1,1,0,1,1,12,0.200019,0.229198,0,0,0
124074,,,0,1,1,0,1,1,12,0.200019,0.229198,0,0,0
10816,,,0,1,1,0,1,1,12,0.176105,0.19191,0,0,0
61576,,,0,3,3,0,3,3,16,0.111242,0.115652,10336,0,0
10277,,,1,2,3,1,2,3,17,0.100131,0.103688,4139,0,0
28930,,,2,0,2,2,0,2,17,0.100121,0.103366,2070,0,0
62686,,,0,3,3,0,3,3,13,0.147718,0.155965,2241.74157,0,0
5439,,,2,0,2,2,0,2,12,0.156977,0.165271,1216.472841,0,0
9465,,,3,0,3,3,0,3,12,0.166855,0.178688,11881.761276,0,0
22794,,,1,0,1,1,0,1,14,0.128713,0.133906,0,0,0
65937,,,0,1,1,0,1,1,1,1,1,0,0,0
9217,,,1,0,1,1,0,1,1,1,1,0,0,0
8105,,,0,2,2,0,2,2,12,0.200039,0.229439,0,1,1
175689,,,0,1,1,0,1,1,12,0.176105,0.19191,0,0,0
146117,,,0,1,1,0,1,1,1,1,1,0,0,0
133170,,,1,0,1,1,0,1,1,1,1,0,0,0
4903,,,0,1,1,0,1,1,1,1,1,0,0,0
10735,,,1,0,1,1,0,1,1,1,1,0,0,0
29131,,,0,1,1,0,1,1,12,0.176105,0.19191,0,0,0
31170,,,0,1,1,0,1,1,12,0.155527,0.162797,0,0,0
113139,,,1,1,2,1,1,2,11,0.184154,0.196574,2070,0,0
10236,,,0,1,1,0,1,1,1,1,1,0,0,0
5774,,,1,0,1,1,0,1,1,1,1,0,0,0
6044,,,0,5,5,0,5,5,12,0.204847,0.226047,339.231706,0.4,4
7086,,,1,3,4,1,3,4,12,0.204584,0.225347,257.176655,0.5,3
29001,,,0,1,1,0,1,1,1,1,1,0,0,0
11361,,,1,0,1,1,0,1,1,1,1,0,0,0
62516,,,0,1,1,0,1,1,1,1,1,0,0,0
1243,,,1,0,1,1,0,1,1,1,1,0,0,0
162701,,,0,1,1,0,1,1,1,1,1,0,0,0
2338,,,1,0,1,1,0,1,1,1,1,0,0,0
62984,,,1,1,2,1,1,2,12,0.156373,0.164754,4138,0,0
8717,,,1,1,2,1,1,2,11,0.185275,0.199143,6204,0,0
24293,,,0,1,1,0,1,1,1,1,1,0,0,0
30671,,,1,0,1,1,0,1,1,1,1,0,0,0
25405,,,1,2,3,1,2,3,12,0.183502,0.201133,5053.630188,0,0
148257,,,0,1,1,0,1,1,13,0.155061,0.164898,0,0,0
165979,,,0,1,1,0,1,1,14,0.149725,0.157811,0,0,0
1651,,,2,1,3,2,1,3,13,0.176075,0.189865,2070,0.333333,1
65142,,,0,2,2,0,2,2,13,0.174444,0.188297,2338.037172,0,0
64523,,,0,1,1,0,1,1,1,1,1,0,0,0
16590,,,1,0,1,1,0,1,1,1,1,0,0,0
6196,,,5,0,5,5,0,5,14,0.163032,0.17556,6760.946657,0,0
160866,,,0,1,1,0,1,1,15,0.140188,0.147591,0,0,0
1331,,,0,1,1,0,1,1,12,0.176105,0.19191,0,0,0
62599,,,14,2,16,14,2,16,12,0.213549,0.239701,37598.997989,0.016667,2
61314,,,0,4,4,0,4,4,12,0.189635,0.206686,1996.914626,0,0
63477,,,7,0,7,7,0,7,12,0.189132,0.205129,1746.714723,0,0
7985,,,17,0,17,17,0,17,11,0.197917,0.217849,24546.540615,0,0
8972,,,19,0,19,19,0,19,13,0.193389,0.215769,18552.49617,0,0
64389,,,0,2,2,0,2,2,12,0.192705,0.208327,347.137173,0,0
1988,,,0,2,2,0,2,2,13,0.17211,0.188408,28.450033,0,0
60898,,,0,1,1,0,1,1,14,0.130334,0.136498,0,0,0
9667,,,3,0,3,3,0,3,13,0.149855,0.159724,4139,0,0
177288,,,0,1,1,0,1,1,14,0.130334,0.136498,0,0,0
2271,,,0,1,1,0,1,1,15,0.127149,0.132116,0,0,0
11670,,,0,1,1,0,1,1,13,0.170145,0.18181,0,0,0
1104,,,0,2,2,0,2,2,13,0.176526,0.190193,68.044055,0,0
30260,,,0,1,1,0,1,1,12,0.176105,0.19191,0,0,0
63593,,,0,1,1,0,1,1,14,0.158261,0.170015,0,0,0
10030,,,0,1,1,0,1,1,12,0.172871,0.186572,0,0,0
5169,,,0,1,1,0,1,1,12,0.200019,0.229198,0,0,0
24099,,,0,1,1,0,1,1,12,0.200019,0.229198,0,0,0
133367,,,0,1,1,0,1,1,12,0.200019,0.229198,0,0,0
7085,,,1,1,2,1,1,2,12,0.176135,0.192232,2070,0,0
7602,,,0,1,1,0,1,1,13,0.150323,0.16178,0,0,0
12497,,,0,2,2,0,2,2,12,0.161507,0.1711,185.599738,0,0
3835,,,6,0,6,6,0,6,13,0.173117,0.186682,4762.806541,0,0
4607,,,0,2,2,0,2,2,12,0.203298,0.222633,146.121659,0,0
30598,,,0,6,6,0,6,6,10,0.218644,0.243137,20405.934687,0,0
28518,,,0,3,3,0,3,3,12,0.204563,0.225105,257.176655,0,0
19113,,,6,0,6,6,0,6,11,0.185126,0.200768,4466.358346,0,0
19661,,,13,0,13,13,0,13,11,0.187116,0.205749,4566.956671,0,0
7107,,,0,1,1,0,1,1,12,0.182596,0.198299,0,0,0
23220,,,0,2,2,0,2,2,12,0.195932,0.211398,249.784306,0,0
6774,,,27,0,27,27,0,27,11,0.232201,0.260235,83636.144143,0,0
7762,,,0,1,1,0,1,1,12,0.200019,0.229198,0,0,0
260086,,,0,3,3,0,3,3,11,0.184845,0.198325,4206.60472,0,0
61575,,,0,2,2,0,2,2,14,0.165152,0.179679,4138,0,0
8964,,,0,2,2,0,2,2,12,0.186947,0.203148,564.95934,0,0
7245,,,0,3,3,0,3,3,12,0.179774,0.192527,2108.846587,0,0
10787,,,6,0,6,6,0,6,13,0.201596,0.222894,17045.739319,0,0
3580,,,0,1,1,0,1,1,13,0.184253,0.198688,0,0,0
31166,,,5,0,5,5,0,5,13,0.174901,0.187359,5286.519041,0,0
12445,,,0,1,1,0,1,1,12,0.176105,0.19191,0,0,0
148359,,,0,2,2,0,2,2,12,0.17965,0.196493,95.561113,0,0
166482,,,0,1,1,0,1,1,12,0.176105,0.19191,0,0,0
2049,,,0,1,1,0,1,1,11,0.185175,0.198636,0,0,0
2393,,,0,1,1,0,1,1,15,0.127149,0.132116,0,0,0
3650,,,0,3,3,0,3,3,12,0.183762,0.200381,395.360866,0,0
11217,,,3,0,3,3,0,3,11,0.181126,0.194609,206.777406,0,0
137373,,,0,1,1,0,1,1,13,0.135236,0.140611,0,0,0
10983,,,3,0,3,3,0,3,12,0.156373,0.16498,4139,0,0
2444,,,0,1,1,0,1,1,1,1,1,0,0,0
111103,,,1,0,1,1,0,1,1,1,1,0,0,0
141241,,,0,1,1,0,1,1,11,0.185175,0.198636,0,0,0
28295,,,0,2,2,0,2,2,14,0.147602,0.155651,2070,0,0
63914,,,1,0,1,1,0,1,15,0.128626,0.133771,0,0,0
10618,,,0,1,1,0,1,1,12,0.176105,0.19191,0,0,0
30584,,,0,1,1,0,1,1,12,0.161381,0.170351,0,0,0
142260,,,0,9,9,0,9,9,12,0.158491,0.174047,23045.055166,0,0
15084,,,4,0,4,4,0,4,13,0.140169,0.151472,883.137997,0,0
2295,,,0,1,1,0,1,1,13,0.124564,0.128706,0,0,0
128759,,,0,2,2,0,2,2,11,0.175256,0.1866,8268,0,0
140027,,,0,1,1,0,1,1,12,0.191458,0.20773,0,0,0
142811,,,1,0,1,1,0,1,13,0.136817,0.145416,0,0,0
210418,,,2,0,2,2,0,2,13,0.136835,0.145738,2070,0,0
4351,,,1,1,2,1,1,2,13,0.136853,0.145859,350.512992,0,0
161843,,,0,2,2,0,2,2,13,0.17254,0.185158,7.260462,0,0
3734,,,4,7,11,4,7,11,12,0.207017,0.230583,11944.80351,0.054545,3
8229,,,0,3,3,0,3,3,11,0.206049,0.228477,22441.87648,0,0
63109,,,0,3,3,0,3,3,12,0.204341,0.22453,146.121659,0.666667,2
64455,,,0,3,3,0,3,3,12,0.204563,0.225105,257.176655,0,0
2255,,,1,2,3,1,2,3,12,0.179681,0.196815,2165.561113,0,0
10016,,,0,1,1,0,1,1,12,0.176105,0.19191,0,0,0
156578,,,0,2,2,0,2,2,16,0.104217,0.107863,2070,0,0
12519,,,0,1,1,0,1,1,1,1,1,0,0,0
7866,,,1,0,1,1,0,1,1,1,1,0,0,0
28884,,,0,7,7,0,7,7,13,0.170537,0.188042,4439.298273,0,0
1704,,,11,1,12,11,1,12,13,0.187167,0.210225,21165.17798,0,0
6565,,,2,0,2,2,0,2,14,0.145722,0.155817,15.880026,0,0
14623,,,2,1,3,2,1,3,14,0.165627,0.181143,261.405931,0,0
11124,,,0,1,1,0,1,1,13,0.166399,0.177473,0,0,0
15160,,,0,2,2,0,2,2,13,0.187167,0.202883,103.783287,0,0
11399,,,7,11,18,7,11,18,12,0.224353,0.254927,77086.053689,0.026144,4
61587,,,0,4,4,0,4,4,12,0.201498,0.218219,2359.909093,0.166667,1
7123,,,4,0,4,4,0,4,12,0.189756,0.205285,663.252064,0.166667,1
205131,,,0,1,1,0,1,1,14,0.163238,0.174083,0,0,0
61513,,,4,1,5,5,1,6,13,0.195065,0.21452,7927.200113,0,0
63600,,,1,1,2,1,1,2,13,0.172929,0.18385,735.319218,0,0
2721,,,6,0,6,6,0,6,12,0.184007,0.199106,7566.819722,0,0
144437,,,0,4,4,0,4,4,12,0.209129,0.230183,7986.686635,0,0
9818,,,16,0,16,16,0,16,12,0.219548,0.247511,49868.525232,0.016667,2
10622,,,14,0,14,14,0,14,12,0.190402,0.211479,17955.170314,0,0
30068,,,0,3,3,0,3,3,12,0.194881,0.213154,4633.290204,0,0
7139,,,1,2,3,1,2,3,12,0.190279,0.210291,4983.244931,0,0
61753,,,0,3,3,0,3,3,12,0.203839,0.224397,2474.148815,0,0
6509,,,0,6,6,0,6,6,13,0.172799,0.191926,1397.766379,0.066667,1
7772,,,5,0,5,5,0,5,13,0.17539,0.190623,1519.947611,0,0
128763,,,1,4,5,1,4,5,12,0.185557,0.204538,1484.666524,0.2,2
132740,,,3,1,4,3,1,4,13,0.18865,0.207606,3862.211711,0,0
163772,,,3,2,5,3,2,5,14,0.169615,0.185736,2609.996254,0.1,1
10740,,,0,3,3,0,3,3,12,0.178411,0.192058,3243.132117,0,0
1161,,,5,1,6,5,1,6,13,0.175494,0.191169,3214.967749,0.066667,1
28249,,,1,0,1,1,0,1,13,0.151411,0.15941,0,0,0
157858,,,4,1,5,4,1,5,11,0.213044,0.23654,14609.313912,0.1,1
15293,,,0,1,1,0,1,1,13,0.165852,0.178274,0,0,0
28502,,,0,4,4,0,4,4,13,0.166479,0.178824,2300.640444,0,0
23767,,,4,0,4,5,0,5,13,0.18197,0.19766,2262.77287,0.166667,1
242977,,,3,0,3,3,0,3,14,0.151047,0.162701,531.885352,0,0
28938,,,0,1,1,0,1,1,14,0.165099,0.179236,0,0,0
31483,,,0,1,1,0,1,1,14,0.149304,0.158227,0,0,0
61814,,,0,1,1,0,1,1,13,0.159332,0.169311,0,0,0
63052,,,0,1,1,0,1,1,13,0.165852,0.178274,0,0,0
66022,,,0,2,2,0,2,2,13,0.176511,0.19496,1986.779339,0,0
166689,,,0,1,1,0,1,1,15,0.145028,0.154357,0,0,0
13369,,,1,3,4,1,3,4,12,0.206234,0.225665,1398.787935,0.333333,2
115245,,,1,1,2,1,1,2,14,0.165601,0.180821,59.586593,0,0
6304,,,3,1,4,3,1,4,13,0.177677,0.194917,15409.151545,0,0
1606,,,0,2,2,0,2,2,1,1,1,1,0,0
21777,,,1,0,1,1,0,1,2,0.666667,0.75,0,0,0
65298,,,1,0,1,1,0,1,17,0.094385,0.096974,0,0,0
15331,,,0,1,1,0,1,1,12,0.196994,0.212721,0,0,0
63006,,,1,0,1,1,0,1,14,0.142729,0.150024,0,0,0
2903,,,1,0,1,1,0,1,2,0.666667,0.75,0,0,0
19349,,,26,0,26,26,0,26,12,0.207307,0.234843,43626.303529,0,0
5578,,,0,1,1,0,1,1,14,0.15767,0.169916,0,0,0
5878,,,1,1,2,1,1,2,14,0.150981,0.159835,2070,0,0
17420,,,0,1,1,0,1,1,2,0.6,0.666667,0,0,0
9611,,,3,0,3,3,0,3,1,1,1,3,0,0
5252,,,0,2,2,0,2,2,12,0.176195,0.192473,6204,0,0
8463,,,1,2,3,1,2,3,12,0.180637,0.197734,6799.214314,0,0
29894,,,0,1,1,0,1,1,1,1,1,0,0,0
11749,,,1,0,1,1,0,1,1,1,1,0,0,0
64364,,,0,1,1,0,1,1,13,0.170075,0.180512,0,0,0
22619,,,0,2,2,0,2,2,14,0.142739,0.149549,4138,0,0
6242,,,2,0,2,2,0,2,15,0.124932,0.129631,2070,0,0
5621,,,0,2,2,0,2,2,12,0.203298,0.222633,146.121659,0,0
62268,,,0,2,2,0,2,2,12,0.202464,0.235221,1522.895813,0,0
12746,,,0,1,1,0,1,1,1,1,1,0,0,0
212296,,,1,0,1,1,0,1,1,1,1,0,0,0
63559,,,0,1,1,0,1,1,13,0.17154,0.182313,0,0,0
126722,,,0,2,2,0,2,2,12,0.202464,0.235221,1522.895813,0,0
29791,,,1,4,5,1,4,5,12,0.20298,0.221803,4627.773006,0,0
5650,,,6,0,6,6,0,6,13,0.180103,0.197356,2077.213625,0,0
12136,,,8,1,9,8,1,9,11,0.206604,0.226063,12021.126775,0.027778,1
18467,,,14,0,14,14,0,14,13,0.200484,0.224553,16396.352763,0.021978,2
132502,,,1,7,8,1,7,8,13,0.211478,0.236984,40114.793964,0.071429,2
137067,,,2,0,2,2,0,2,13,0.179681,0.19307,0,1,1
178011,,,1,2,3,1,2,3,12,0.200873,0.21817,1335.854717,0,0
157634,,,0,2,2,0,2,2,13,0.178427,0.190572,40.600842,0,0
112158,,,9,2,11,9,2,11,12,0.217109,0.240611,19314.442251,0.090909,5
176035,,,1,1,2,1,1,2,12,0.197032,0.213043,541.989542,0,0
64663,,,0,1,1,0,1,1,12,0.188461,0.201708,0,0,0
29345,,,5,1,6,5,1,6,13,0.204362,0.225998,6441.626222,0.066667,1
162907,,,0,3,3,0,3,3,13,0.185026,0.199255,3126.981319,0,0
64768,,,2,0,2,2,0,2,13,0.173189,0.186965,702.247096,0,0
28078,,,0,1,1,0,1,1,12,0.196994,0.212721,0,0,0
111488,,,1,0,1,1,0,1,14,0.156149,0.164317,0,0,0
14250,,,0,2,2,0,2,2,13,0.175019,0.188191,137.983869,0,0
65413,,,0,2,2,0,2,2,12,0.171867,0.182634,648.794239,0,0
160629,,,0,2,2,0,2,2,13,0.187167,0.202883,103.783287,0,0
176279,,,0,1,1,0,1,1,12,0.17181,0.182132,0,0,0
4194,,,5,0,5,5,0,5,11,0.207432,0.226442,6172.363446,0,0
2644,,,0,1,1,0,1,1,12,0.188461,0.201708,0,0,0
6169,,,0,2,2,0,2,2,14,0.169213,0.185498,117.431883,0,0
16729,,,0,3,3,0,3,3,12,0.205742,0.225608,9125.696301,0,0
3054,,,6,0,6,6,0,6,13,0.206749,0.23027,7173.030869,0,0
65499,,,2,0,2,2,0,2,13,0.197483,0.218497,922.776128,0,0
63644,,,0,1,1,0,1,1,12,0.196994,0.212721,0,0,0
10305,,,1,0,1,1,0,1,13,0.183258,0.198009,0,0,0
12884,,,2,0,2,2,0,2,13,0.158092,0.167192,77.531307,0,0
4077,,,0,1,1,0,1,1,1,1,1,0,0,0
146617,,,1,0,1,1,0,1,1,1,1,0,0,0
61903,,,0,3,3,0,3,3,13,0.176511,0.190499,1877.785131,0.333333,1
61531,,,0,2,2,0,2,2,11,0.20418,0.223031,13302.920607,0,0
4340,,,1,2,3,1,2,3,12,0.198201,0.215204,2966.241888,0,0
12053,,,4,0,4,4,0,4,13,0.172483,0.184217,1421.259592,0,0
20779,,,29,0,29,29,0,29,11,0.207557,0.234468,46429.203833,0.017241,7
177225,,,0,2,2,0,2,2,15,0.144775,0.154735,5.125534,0,0
126322,,,1,2,3,1,2,3,14,0.169241,0.18582,1621.153882,0,0
3048,,,0,2,2,0,2,2,12,0.165257,0.175704,2070,0,0
30946,,,1,0,1,1,0,1,13,0.14183,0.148114,0,0,0
9311,,,0,1,1,0,1,1,1,1,1,0,0,0
145518,,,1,0,1,1,0,1,1,1,1,0,0,0
176524,,,0,1,1,0,1,1,13,0.1293,0.133884,0,0,0
4140,,,1,1,2,1,1,2,12,0.148491,0.155652,2070,0,0
6130,,,0,2,2,0,2,2,12,0.203859,0.224464,1327.148632,0,0
132525,,,3,0,3,3,0,3,14,0.16053,0.171315,2180.138877,0,0
29241,,,0,1,1,0,1,1,13,0.165852,0.178274,0,0,0
63053,,,0,4,4,0,4,4,14,0.167801,0.184378,14487.163025,0,0
114920,,,1,1,2,1,1,2,15,0.14378,0.153752,8268,0,0
114927,,,1,0,1,1,0,1,15,0.1437,0.153124,0,0,0
120455,,,0,1,1,0,1,1,1,1,1,0,0,0
110326,,,1,0,1,1,0,1,1,1,1,0,0,0
175111,,,0,2,2,0,2,2,13,0.176706,0.191002,4059.860212,0,0
25056,,,6,0,6,6,0,6,14,0.161683,0.174823,8494.446794,0,0
124319,,,0,1,1,0,1,1,14,0.143015,0.151316,0,0,0
10553,,,1,2,3,1,2,3,14,0.169824,0.186929,1819.02727,0,0
15354,,,1,2,3,1,2,3,14,0.17786,0.19518,496.506822,0,0
16710,,,0,2,2,0,2,2,14,0.169213,0.185498,117.431883,0,0
61752,,,0,2,2,0,2,2,14,0.169213,0.185498,117.431883,0,0
64397,,,1,2,3,1,2,3,13,0.186593,0.203931,3503.936478,0,0
138467,,,0,2,2,0,2,2,14,0.169213,0.185498,117.431883,0,0
154039,,,0,3,3,0,3,3,14,0.179587,0.199732,3321.099411,0,0
138921,,,0,1,1,0,1,1,15,0.127321,0.132726,0,0,0
15576,,,3,0,3,3,0,3,14,0.145886,0.154374,4139,0,0
12718,,,0,2,2,0,3,3,12,0.197032,0.213043,2070,0,0
133768,,,1,0,1,1,0,1,13,0.164613,0.173404,0,0,0
64186,,,0,1,1,0,1,1,13,0.175986,0.189141,0,0,0
121077,,,1,1,2,1,1,2,14,0.161217,0.174828,569.903534,0,0
121718,,,3,1,4,3,1,4,12,0.193769,0.211901,618.86936,0.166667,1
24832,,,0,1,1,0,1,1,14,0.15767,0.169916,0,0,0
23067,,,0,1,1,0,1,1,12,0.171896,0.184873,0,0,0
126417,,,0,1,1,0,1,1,12,0.171896,0.184873,0,0,0
25554,,,0,2,2,0,2,2,13,0.183096,0.19812,1158.948837,0,0
25774,,,0,6,6,0,6,6,13,0.172756,0.18798,9119.611983,0,0
11636,,,5,0,5,5,0,5,13,0.167124,0.180501,10614.637369,0,0
137434,,,0,2,2,0,2,2,14,0.161393,0.175144,2994.252694,0,0
10232,,,2,0,2,2,0,2,15,0.139471,0.148283,1024.701729,0,0
100699,,,7,0,7,7,0,7,13,0.18373,0.200056,9913.496257,0,0
7336,,,0,2,2,0,2,2,13,0.16404,0.175872,193.006391,0,0
139662,,,6,0,6,6,0,6,12,0.180684,0.19721,5000.565725,0,0
61439,,,0,3,3,0,3,3,12,0.181,0.195701,2498.232719,0,0
8071,,,1,0,1,1,0,1,14,0.147318,0.155964,0,0,0
9135,,,2,0,2,2,0,2,14,0.147339,0.156286,91.206774,0,0
66447,,,0,1,1,0,1,1,13,0.154772,0.16228,0,0,0
1164,,,4,0,4,4,0,4,12,0.183096,0.196234,14463,0,0
9443,,,0,1,1,0,1,1,14,0.143015,0.151316,0,0,0
24405,,,1,1,2,1,1,2,2,0.75,0.833333,2,0,0
29910,,,1,0,1,1,0,1,3,0.5,0.611111,0,0,0
102696,,,0,1,1,0,1,1,14,0.161192,0.174506,0,0,0
62597,,,0,4,4,0,4,4,13,0.184056,0.201227,815.288749,0,0
63520,,,0,1,1,0,1,1,2,0.666667,0.75,0,0,0
25807,,,2,0,2,2,0,2,1,1,1,1,0,0
29069,,,0,2,2,0,2,2,3,0.571429,0.708333,3,0,0
3063,,,1,0,1,1,0,1,4,0.4,0.520833,0,0,0
28317,,,2,0,2,2,0,2,2,0.666667,0.75,4,0,0
65026,,,0,4,4,0,4,4,12,0.203859,0.235165,4262.647517,0,0
8334,,,0,2,2,0,2,2,15,0.142132,0.149115,211.227655,0,0
7154,,,4,0,4,4,0,4,14,0.16564,0.176827,6269.803291,0,0
65417,,,2,0,2,2,0,2,14,0.143829,0.15335,444.265044,0,0
65527,,,0,1,1,0,1,1,12,0.135964,0.140775,0,0,0
25157,,,2,1,3,2,1,3,11,0.157347,0.165154,4139,0,0
162733,,,0,1,1,0,1,1,12,0.135964,0.140775,0,0,0
163678,,,0,2,2,0,2,2,3,0.571429,0.708333,3,0,0
29011,,,1,0,1,1,0,1,4,0.4,0.520833,0,0,0
5253,,,0,2,2,0,2,2,14,0.143223,0.151327,2070,0,0
7114,,,1,0,1,1,0,1,15,0.125287,0.13053,0,0,0
166585,,,0,1,1,0,1,1,1,1,1,0,0,0
147222,,,1,0,1,1,0,1,1,1,1,0,0,0
12051,,,0,1,1,0,1,1,13,0.17191,0.18753,0,0,0
10386,,,0,2,2,0,2,2,11,0.200232,0.218734,7082.647471,0,0
145974,,,0,2,2,0,2,2,5,0.380952,0.514583,7,0,0
11537,,,1,0,1,1,0,1,6,0.285714,0.379167,0,0,0
21542,,,0,1,1,0,1,1,12,0.200019,0.229198,0,0,0
15327,,,0,1,1,0,1,1,3,0.5,0.583333,0,0,0
8606,,,3,0,3,3,0,3,2,0.8,0.875,5,0,0
7124,,,0,1,1,0,1,1,14,0.120372,0.126009,0,0,0
138901,,,0,1,1,0,1,1,13,0.169963,0.182135,0,0,0
24870,,,12,0,12,12,0,12,12,0.204745,0.228234,22472.296875,0,0
12581,,,0,1,1,0,1,1,12,0.196994,0.212721,0,0,0
11580,,,0,2,2,0,2,2,11,0.192508,0.206992,3919.488687,0,0
109189,,,0,2,2,0,2,2,2,0.666667,0.75,3,0,0
60992,,,0,1,1,0,1,1,13,0.165852,0.178274,0,0,0
140910,,,0,1,1,0,1,1,12,0.183811,0.201916,0,0,0
25918,,,0,1,1,0,1,1,14,0.155621,0.164131,0,0,0
5229,,,1,1,2,1,1,2,13,0.184285,0.19901,2070,0,0
14565,,,0,2,2,0,2,2,14,0.169213,0.185498,117.431883,0,0
24381,,,1,0,1,1,0,1,3,0.444444,0.541667,0,0,0
25929,,,0,1,1,0,1,1,14,0.15767,0.169916,0,0,0
4881,,,0,1,1,0,1,1,13,0.153011,0.162585,0,0,0
22772,,,0,2,2,0,2,2,14,0.167815,0.17979,2070,0,0
6158,,,1,0,1,1,0,1,15,0.14371,0.151114,0,0,0
5549,,,0,1,1,0,1,1,12,0.191458,0.20773,0,0,0
9771,,,0,1,1,0,1,1,14,0.109513,0.11247,0,0,0
13135,,,3,0,3,3,0,3,13,0.122974,0.127412,4139,0,0
5572,,,0,1,1,0,1,1,12,0.200019,0.229198,0,0,0
11531,,,0,2,2,0,2,2,12,0.202444,0.233258,291.634445,0,0
24537,,,0,2,2,0,2,2,12,0.202444,0.233258,291.634445,0,0
11142,,,0,1,1,0,1,1,14,0.162063,0.173565,0,0,0
6571,,,0,1,1,0,1,1,12,0.176105,0.19191,0,0,0
14457,,,0,1,1,0,1,1,12,0.176105,0.19191,0,0,0
21427,,,0,2,2,0,2,2,12,0.201734,0.232038,577.882502,0,0
6527,,,0,1,1,0,1,1,12,0.200019,0.229198,0,0,0
22373,,,0,2,2,0,2,2,11,0.176691,0.188682,2844.590778,0,0
12898,,,0,1,1,0,1,1,14,0.169698,0.181387,0,0,0
61030,,,0,1,1,0,1,1,1,1,1,0,0,0
6020,,,1,0,1,1,0,1,1,1,1,0,0,0
19818,,,0,3,3,0,3,3,13,0.166265,0.177065,9892.028009,0,0
12788,,,0,1,1,0,1,1,12,0.182596,0.198299,0,0,0
13354,,,0,8,8,0,8,8,12,0.216519,0.250791,30864.000911,0,0
14369,,,3,0,3,3,0,3,13,0.18934,0.20827,4576.332528,0,0
160865,,,9,0,9,9,0,9,13,0.190052,0.213104,19989.678632,0,0
148217,,,2,0,2,2,0,2,14,0.142631,0.149623,6204,0,0
27828,,,0,2,2,0,2,2,13,0.182354,0.196085,1075.583384,0,0
3547,,,0,1,1,0,1,1,12,0.200019,0.229198,0,0,0
4322,,,0,2,2,0,2,2,12,0.202444,0.233258,291.634445,0,0
6497,,,0,1,1,0,1,1,12,0.200019,0.229198,0,0,0
122678,,,0,1,1,0,1,1,14,0.177221,0.193208,0,0,0
164758,,,0,1,1,0,1,1,14,0.177221,0.193208,0,0,0
144889,,,0,1,1,0,1,1,14,0.142956,0.150954,0,0,0
13479,,,2,0,2,2,0,2,13,0.166787,0.180072,2070,0,0
62804,,,0,1,1,0,1,1,13,0.18146,0.194556,0,0,0
2482,,,0,1,1,0,1,1,1,1,1,0,0,0
11147,,,1,0,1,1,0,1,1,1,1,0,0,0
129467,,,0,4,4,0,4,4,12,0.189548,0.2065,3652.448522,0.166667,1
160633,,,0,3,3,0,3,3,13,0.16356,0.176337,1576.786402,0,0
13378,,,1,0,1,1,0,1,13,0.159357,0.16873,0,0,0
64356,,,2,4,6,2,4,6,12,0.201754,0.221945,16802.810315,0,0
113425,,,0,3,3,0,3,3,13,0.17621,0.190977,2417.084339,0,0
31843,,,1,4,5,1,4,5,13,0.174635,0.191386,2459.941169,0,0
125357,,,0,1,1,0,1,1,13,0.153045,0.162357,0,0,0
140979,,,0,2,2,0,2,2,12,0.20292,0.222652,1370.914251,0,0
5043,,,0,4,4,0,4,4,13,0.190559,0.208181,7448.87799,0,0
5492,,,4,0,4,4,0,4,13,0.169504,0.183918,2599.973362,0,0
1013,,,0,1,1,0,1,1,13,0.184007,0.199653,0,0,0
3156,,,0,2,2,0,2,2,13,0.186577,0.204077,542.409814,0,0
3229,,,0,2,2,0,2,2,13,0.155143,0.165416,1083.395133,0,0
6152,,,0,1,1,0,1,1,1,1,1,0,0,0
145933,,,1,0,1,1,0,1,1,1,1,0,0,0
10420,,,3,2,5,3,2,5,13,0.188461,0.208402,4202.490786,0,0
30576,,,0,2,2,0,2,2,13,0.184647,0.201181,868.026033,0,0
61646,,,1,2,3,1,2,3,13,0.187032,0.204843,1598.876655,0,0
63678,,,0,1,1,0,1,1,13,0.153124,0.162236,0,0,0
100114,,,0,1,1,0,1,1,13,0.184007,0.199653,0,0,0
141178,,,0,1,1,0,1,1,13,0.164352,0.175052,0,0,0
14894,,,7,0,7,7,0,7,12,0.196657,0.216288,9914.491324,0,0
221616,,,5,0,5,5,0,5,11,0.174341,0.186276,11728.967833,0,0
61489,,,7,0,7,7,0,7,13,0.196303,0.214301,5388.573885,0,0
8681,,,0,1,1,0,1,1,1,1,1,0,0,0
30788,,,1,0,1,1,0,1,1,1,1,0,0,0
137130,,,1,2,3,1,2,3,15,0.124864,0.130028,4139,0,0
3376,,,1,0,1,1,0,1,16,0.11101,0.11446,0,0,0
123834,,,1,0,1,1,0,1,14,0.149823,0.158403,0,0,0
5288,,,3,0,3,3,0,3,13,0.147623,0.15751,2319.982763,0,0
61402,,,0,1,1,0,1,1,14,0.128642,0.134803,0,0,0
23197,,,0,2,2,0,2,2,13,0.182628,0.199102,228.775228,0,0
25844,,,0,1,1,0,1,1,13,0.146713,0.154473,0,0,0
31143,,,1,1,2,1,1,2,12,0.171924,0.185195,2070,0,0
112874,,,0,1,1,0,1,1,14,0.159002,0.169827,0,0,0
7980,,,16,0,16,16,0,16,13,0.189046,0.209867,17251.926395,0,0
120860,,,0,1,1,0,1,1,14,0.159002,0.169827,0,0,0
64282,,,0,2,2,0,2,2,10,0.222234,0.243177,13232.473296,0,0
121153,,,0,3,3,0,3,3,12,0.193262,0.210847,3313.147738,0,0
129120,,,0,2,2,0,2,2,13,0.189271,0.205672,729.078553,0,0
175395,,,0,2,2,0,2,2,12,0.183844,0.198467,0,1,1
155753,,,0,1,1,0,1,1,12,0.17181,0.182132,0,0,0
140030,,,0,3,3,0,3,3,14,0.177997,0.195139,1136.179881,0,0
1635,,,0,3,3,0,3,3,12,0.21019,0.232185,4086.243877,0,0
3820,,,0,1,1,0,1,1,15,0.138334,0.145021,0,0,0
14019,,,0,1,1,0,1,1,12,0.201048,0.219853,0,0,0
64103,,,1,2,3,1,2,3,12,0.188822,0.20622,1140.261842,0.333333,1
140736,,,0,4,4,0,4,4,12,0.183925,0.201216,4845.567582,0,0
13329,,,1,0,1,1,0,1,13,0.155364,0.164978,0,0,0
211790,,,1,0,1,1,0,1,13,0.155364,0.164978,0,0,0
125014,,,0,4,4,0,4,4,12,0.180889,0.197717,2597.293832,0,0
66708,,,8,1,9,8,1,9,11,0.214634,0.239105,18177.235612,0.027778,1
116526,,,2,0,2,2,0,2,13,0.180259,0.19477,259.355437,0,0
138943,,,0,2,2,0,2,2,13,0.187201,0.20335,527.290098,0,0
6308,,,0,2,2,0,2,2,13,0.163897,0.175732,15.476544,0,0
7268,,,0,4,4,0,4,4,12,0.197294,0.21539,3127.102016,0,0
3055,,,0,1,1,0,1,1,14,0.144947,0.153358,0,0,0
61689,,,0,1,1,0,1,1,14,0.162063,0.173565,0,0,0
65662,,,6,0,6,6,0,6,12,0.20144,0.221873,15132.534628,0,0
166706,,,0,3,3,0,3,3,13,0.168278,0.180106,2487.052595,0,0
177286,,,0,1,1,0,1,1,13,0.184007,0.199653,0,0,0
264713,,,0,1,1,0,1,1,14,0.149122,0.157408,0,0,0
134845,,,10,0,10,10,0,10,13,0.175241,0.190273,33336.867475,0,0
20734,,,0,2,2,0,2,2,13,0.172196,0.18618,671.990036,0,0
143283,,,0,2,2,0,2,2,15,0.128786,0.134908,0.25,0,0
162077,,,4,0,4,4,0,4,14,0.147791,0.157141,1241.366845,0,0
254338,,,4,0,4,4,0,4,14,0.147791,0.157141,1241.366845,0,0
2537,,,0,1,1,0,1,1,15,0.14369,0.15301,0,0,0
2615,,,0,1,1,0,1,1,14,0.157263,0.167895,0,0,0
9483,,,3,5,8,3,5,8,13,0.181364,0.200103,9416.586553,0,0
28853,,,0,3,3,0,3,3,13,0.175687,0.189959,526.552031,0,0
60801,,,0,2,2,0,2,2,14,0.169213,0.185498,117.431883,0,0
30714,,,1,0,1,1,0,1,13,0.153192,0.162686,0,0,0
4128,,,0,2,2,0,2,2,12,0.2097,0.240264,2092.329943,0,0
61212,,,0,1,1,0,1,1,1,1,1,0,0,0
64486,,,1,0,1,1,0,1,1,1,1,0,0,0
28236,,,0,1,1,0,1,1,2,0.666667,0.75,0,0,0
163769,,,0,1,1,0,1,1,13,0.16443,0.175146,0,0,0
14252,,,0,1,1,0,1,1,1,1,1,0,0,0
148287,,,1,0,1,1,0,1,1,1,1,0,0,0
177883,,,0,1,1,0,1,1,14,0.159002,0.169827,0,0,0
64351,,,0,1,1,0,1,1,12,0.191458,0.20773,0,0,0
138607,,,1,2,3,1,2,3,12,0.200542,0.218206,1337.598198,0.333333,1
11161,,,0,1,1,0,1,1,12,0.17201,0.18239,0,0,0
61994,,,4,1,5,4,1,5,11,0.207723,0.227389,10207.682664,0,0
10286,,,0,1,1,0,1,1,13,0.184007,0.199653,0,0,0
14653,,,0,1,1,0,1,1,12,0.142259,0.15031,0,0,0
138347,,,0,1,1,0,1,1,14,0.167842,0.182064,0,0,0
31285,,,0,1,1,0,1,1,14,0.145609,0.156144,0,0,0
138610,,,0,5,5,0,5,5,12,0.219711,0.245329,29908.980589,0,0
6416,,,0,2,2,0,2,2,2,0.75,0.833333,2,0,0
2577,,,0,1,1,0,1,1,12,0.201048,0.219853,0,0,0
12677,,,0,2,2,0,2,2,12,0.20144,0.220895,5441.545411,0,0
162879,,,0,1,1,0,1,1,12,0.201048,0.219853,0,0,0
27913,,,0,2,2,0,2,2,13,0.169186,0.182957,610.448227,0,0
28940,,,0,2,2,0,2,2,15,0.140207,0.147913,2070,0,0
2411,,,1,0,1,1,0,1,16,0.122974,0.128002,0,0,0
6097,,,1,0,1,1,0,1,3,0.5,0.611111,0,0,0
124996,,,0,1,1,0,1,1,13,0.171725,0.185209,0,0,0
28139,,,1,7,8,1,7,8,12,0.208644,0.232941,17258.783177,0.035714,1
29823,,,0,3,3,0,3,3,13,0.179509,0.194249,2930.593258,0,0
23084,,,1,2,3,1,2,3,12,0.18829,0.203249,838.151375,0.333333,1
139804,,,0,9,9,0,9,9,12,0.221663,0.249292,20518.651586,0.138889,5
12945,,,1,2,3,1,2,3,11,0.202761,0.21948,1859.160834,0.333333,1
17110,,,9,2,11,9,2,11,12,0.197784,0.21883,10946.145774,0.054545,3
28195,,,0,2,2,0,2,2,12,0.185258,0.202276,794.101966,0,0
30247,,,0,5,5,0,5,5,12,0.211802,0.23577,5886.299893,0.1,1
3756,,,0,1,1,0,1,1,16,0.11101,0.11446,0,0,0
5831,,,0,2,2,0,2,2,12,0.201127,0.220296,1686.530407,0,0
160216,,,0,1,1,0,1,1,12,0.201048,0.219853,0,0,0
8348,,,0,1,1,0,1,1,13,0.172641,0.185033,0,0,0
10453,,,2,0,2,2,0,2,13,0.171171,0.182876,103.001382,0,0
29953,,,0,1,1,0,1,1,1,1,1,0,0,0
3786,,,1,0,1,1,0,1,1,1,1,0,0,0
1300,,,9,0,9,9,0,9,12,0.186711,0.203698,19244.692785,0,0
114611,,,0,1,1,0,1,1,11,0.185175,0.198636,0,0,0
4352,,,0,1,1,0,1,1,12,0.191458,0.20773,0,0,0
125599,,,0,7,7,0,7,7,10,0.230932,0.255395,43398.2478,0.095238,2
109258,,,0,1,1,0,1,1,13,0.152324,0.161926,0,0,0
264416,,,0,3,3,0,3,3,14,0.157718,0.17056,365.714499,0,0
137292,,,0,2,2,0,2,2,13,0.177039,0.190018,263.553842,0,0
137310,,,1,5,6,1,5,6,13,0.193353,0.215053,7515.835355,0.066667,1
160232,,,0,4,4,0,4,4,12,0.175182,0.190834,2292.200896,0.166667,1
176558,,,0,3,3,0,3,3,12,0.173233,0.187546,2195.570602,0,0
142814,,,0,6,6,0,6,6,12,0.204766,0.22554,9133.182366,0,0
145809,,,0,2,2,0,2,2,12,0.18559,0.200544,269.479611,0,0
176363,,,0,2,2,0,2,2,12,0.180103,0.194284,74.189751,0,0
5973,,,1,1,2,1,1,2,13,0.174165,0.185933,2,0,0
6529,,,1,2,3,1,2,3,13,0.195304,0.213569,549.262121,0.333333,1
24803,,,1,1,2,1,1,2,14,0.150007,0.159157,36.55263,0,0
31255,,,0,3,3,0,3,3,12,0.20607,0.226142,5045.524773,0,0
116770,,,0,2,2,0,2,2,12,0.171924,0.185195,2070,0,0
8867,,,1,0,1,1,0,1,13,0.146713,0.154473,0,0,0
141845,,,3,8,11,3,8,11,11,0.21499,0.242899,36834.385883,0,0
208068,,,0,6,6,0,6,6,12,0.19301,0.211492,4900.735259,0,0
6003,,,0,3,3,0,3,3,12,0.185093,0.201036,671.224662,0.333333,1
21763,,,0,2,2,0,2,2,12,0.203258,0.223283,4189.640615,0,0
61572,,,0,1,1,0,1,1,12,0.171896,0.184873,0,0,0
64637,,,0,3,3,0,3,3,12,0.20418,0.226236,3728.802282,0,0
65904,,,0,3,3,0,3,3,12,0.173961,0.189773,1294.155317,0,0
133944,,,0,2,2,0,2,2,12,0.173146,0.188017,267.771921,0,0
160213,,,0,1,1,0,1,1,12,0.171896,0.184873,0,0,0
1327,,,1,2,3,1,2,3,12,0.212803,0.23321,5039.107102,0,0
26015,,,0,1,1,0,1,1,13,0.18004,0.19416,0,0,0
141044,,,0,2,2,0,2,2,13,0.182741,0.199273,255.712113,0,0
141278,,,0,5,5,0,5,5,13,0.197765,0.220319,9487.83528,0,0
157635,,,0,2,2,0,2,2,13,0.180605,0.195259,2378.767084,0,0
2345,,,0,3,3,0,3,3,13,0.173349,0.185103,3612.623036,0,0
156153,,,0,3,3,0,3,3,13,0.17103,0.188249,584.810852,0,0
101352,,,1,0,1,1,0,1,13,0.147665,0.155917,0,0,0
24800,,,1,1,2,1,1,2,12,0.201087,0.220175,2070,0,0
29386,,,0,1,1,0,1,1,12,0.201048,0.219853,0,0,0
31743,,,0,4,4,0,4,4,12,0.204685,0.228099,21557.676401,0,0
64853,,,0,2,2,0,2,2,12,0.208833,0.229261,852.931071,0,0
134932,,,0,3,3,0,3,3,12,0.20286,0.223227,4764.509558,0,0
135805,,,0,2,2,0,2,2,12,0.185441,0.202676,2582.109652,0,0
135966,,,0,3,3,0,3,3,12,0.204261,0.22566,3039.48121,0,0
141236,,,0,1,1,0,1,1,14,0.153533,0.163861,0,0,0
1690,,,5,0,5,5,0,5,13,0.181317,0.196214,4365.243126,0,0
163927,,,0,2,2,0,2,2,12,0.215594,0.236502,6650.339848,0,0
178943,,,0,1,1,0,1,1,12,0.201048,0.219853,0,0,0
65739,,,0,1,1,0,1,1,13,0.165138,0.176125,0,0,0
160505,,,0,4,4,0,4,4,12,0.201479,0.220157,9046.5024,0,0
13200,,,0,6,6,0,6,6,12,0.17719,0.191814,6163.711103,0,0
62824,,,2,1,3,2,1,3,13,0.151466,0.160713,2094.166667,0,0
65643,,,2,0,2,2,0,2,13,0.153863,0.163477,24.793885,0,0
25166,,,0,1,1,0,1,1,13,0.175479,0.186397,0,0,0
6512,,,2,0,2,2,0,2,13,0.169949,0.182678,2070,0,0
64485,,,0,1,1,0,1,1,1,1,1,0,0,0
61396,,,1,0,1,1,0,1,1,1,1,0,0,0
27794,,,1,2,3,1,2,3,12,0.184548,0.1993,261.060662,0,0
1632,,,4,0,4,4,0,4,13,0.180479,0.195801,4213.671511,0.166667,1
14324,,,1,1,2,1,1,2,13,0.180652,0.19544,947.137402,0,0
22325,,,2,1,3,2,1,3,13,0.18589,0.202276,1509.219136,0,0
117768,,,4,1,5,4,1,5,13,0.195322,0.214495,5526.89951,0,0
9999,,,1,0,1,1,0,1,11,0.187625,0.199827,0,0,0
132986,,,0,2,2,0,2,2,13,0.165972,0.178845,551.34899,0,0
133288,,,0,2,2,0,2,2,12,0.1807,0.199028,1512.178219,0,0
144115,,,0,1,1,0,1,1,1,1,1,0,0,0
12215,,,1,0,1,1,0,1,1,1,1,0,0,0
158741,,,0,3,3,0,3,3,12,0.190858,0.207752,948.821036,0,0
7343,,,1,0,1,1,0,1,13,0.149079,0.157948,0,0,0
165462,,,0,1,1,0,1,1,14,0.131551,0.137318,0,0,0
165666,,,0,1,1,0,1,1,14,0.158722,0.169179,0,0,0
201395,,,0,1,1,0,1,1,14,0.163418,0.173854,0,0,0
29322,,,1,0,1,1,0,1,13,0.161797,0.171874,0,0,0
138602,,,0,1,1,0,1,1,15,0.136223,0.14391,0,0,0
61562,,,1,1,2,1,1,2,14,0.157694,0.170238,2070,0,0
28678,,,0,2,2,0,2,2,12,0.192687,0.207645,1161.134626,0,0
66393,,,0,5,5,0,5,5,12,0.194168,0.212276,12817.957222,0,0
141459,,,1,0,1,1,0,1,14,0.147749,0.154776,0,0,0
5818,,,0,1,1,0,1,1,14,0.162063,0.173565,0,0,0
161965,,,1,0,1,1,0,1,13,0.16261,0.172459,0,0,0
126554,,,5,0,5,5,0,5,11,0.203578,0.220243,5546.601999,0,0
30209,,,0,1,1,0,1,1,13,0.169921,0.18107,0,0,0
25676,,,1,4,5,1,4,5,12,0.204685,0.22587,2632.749675,0,0
9954,,,0,1,1,0,1,1,4,0.357143,0.466667,0,0,0
10115,,,2,0,2,2,0,2,3,0.5,0.633333,4,0,0
164211,,,0,1,1,0,1,1,1,1,1,0,0,0
138843,,,1,0,1,1,0,1,1,1,1,0,0,0
102450,,,2,0,2,2,0,2,13,0.153692,0.162976,222.444654,0,0
1919,,,11,0,11,11,0,11,13,0.198277,0.217668,11352.844951,0,0
12216,,,0,1,1,0,1,1,14,0.149477,0.158001,0,0,0
1773,,,5,0,5,5,0,5,13,0.175732,0.190394,2752.033566,0,0
16597,,,0,2,2,0,2,2,14,0.165561,0.176423,166.222288,0,0
65036,,,0,2,2,0,2,2,13,0.17181,0.183703,742.150851,0,0
66032,,,0,1,1,0,1,1,14,0.165481,0.17586,0,0,0
154434,,,0,1,1,0,1,1,14,0.165481,0.17586,0,0,0
66403,,,0,2,2,0,2,2,12,0.197445,0.213522,1113.022594,0,0
19798,,,2,0,2,2,0,2,13,0.178596,0.190978,120.245209,0,0
31554,,,1,3,4,1,3,4,12,0.20934,0.241135,9783.860268,0,0
135945,,,0,2,2,0,2,2,13,0.179401,0.194374,573.836009,0,0
63766,,,1,1,2,1,1,2,13,0.168101,0.178962,5837.476121,0,0
160797,,,0,1,1,0,1,1,13,0.16443,0.175146,0,0,0
177650,,,0,1,1,0,1,1,14,0.167016,0.17956,0,0,0
61988,,,2,3,5,2,3,5,12,0.188341,0.207914,4416.130158,0,0
5404,,,0,1,1,0,1,1,13,0.171725,0.185209,0,0,0
138612,,,0,1,1,0,1,1,13,0.171725,0.185209,0,0,0
155735,,,0,1,1,0,1,1,13,0.171725,0.185209,0,0,0
165051,,,0,1,1,0,1,1,11,0.185175,0.198636,0,0,0
7291,,,0,2,2,0,2,2,12,0.202207,0.220414,68.342371,0,0
3399,,,0,1,1,0,1,1,13,0.170509,0.182855,0,0,0
111939,,,0,1,1,0,1,1,1,1,1,0,0,0
12711,,,1,0,1,1,0,1,1,1,1,0,0,0
65590,,,0,4,4,0,4,4,12,0.204725,0.225733,3821.754698,0,0
10361,,,0,1,1,0,1,1,15,0.131184,0.13678,0,0,0
3333,,,0,3,3,0,3,3,12,0.20292,0.221187,3840.888179,0,0
5791,,,0,5,5,0,5,5,12,0.20414,0.223816,4115.401459,0.1,1
24608,,,1,0,1,1,0,1,13,0.169546,0.179921,0,0,0
65554,,,0,2,2,0,2,2,12,0.173858,0.188225,0,1,1
61721,,,0,2,2,0,2,2,13,0.157371,0.16686,2070,0,0
25773,,,1,0,1,1,0,1,14,0.135982,0.141856,0,0,0
163975,,,0,2,2,0,2,2,12,0.156243,0.16523,2070,0,0
100039,,,1,0,1,1,0,1,13,0.135139,0.140764,0,0,0
160739,,,0,4,4,0,4,4,13,0.168374,0.182299,1640.735626,0,0
3532,,,1,2,3,1,2,3,14,0.155679,0.165903,4261.3264,0,0
9937,,,0,1,1,0,1,1,12,0.201048,0.219853,0,0,0
30086,,,0,3,3,0,3,3,12,0.210147,0.231879,2057.274507,0,0
7106,,,0,2,2,0,2,2,13,0.18138,0.194915,41.080293,0,0
61356,,,0,1,1,0,1,1,14,0.152875,0.1616,0,0,0
4467,,,0,2,2,0,2,2,13,0.184285,0.19901,2070,0,0
12621,,,0,5,5,0,5,5,13,0.183485,0.201323,2583.198004,0,0
144066,,,2,1,3,2,1,3,13,0.190209,0.2061,1219.512653,0,0
3962,,,0,2,2,0,2,2,11,0.192079,0.207349,2612.464955,0,0
13556,,,1,0,1,1,0,1,14,0.155621,0.164131,0,0,0
14417,,,0,2,2,0,2,2,12,0.169186,0.181895,110.413774,0,0
29435,,,0,1,1,0,1,1,13,0.164157,0.173609,0,0,0
28320,,,3,1,4,3,1,4,12,0.196378,0.21373,8563.253365,0,0
157494,,,0,1,1,0,1,1,14,0.159002,0.169827,0,0,0
64550,,,0,2,2,0,2,2,13,0.135253,0.140864,2070,0,0
63650,,,1,0,1,1,0,1,14,0.119146,0.122928,0,0,0
24029,,,0,1,1,0,1,1,12,0.191458,0.20773,0,0,0
64060,,,0,1,1,0,1,1,1,1,1,0,0,0
3639,,,1,0,1,1,0,1,1,1,1,0,0,0
29930,,,0,4,4,0,4,4,12,0.196117,0.216322,6215.690908,0,0
65697,,,0,1,1,0,1,1,12,0.183811,0.201916,0,0,0
157200,,,0,1,1,0,1,1,14,0.146443,0.153774,0,0,0
4168,,,1,1,2,1,1,2,13,0.171554,0.183856,2070,0,0
136307,,,0,1,1,0,1,1,13,0.163625,0.172392,0,0,0
4223,,,0,1,1,0,1,1,12,0.188461,0.201708,0,0,0
4415,,,0,1,1,0,1,1,2,0.666667,0.75,0,0,0
3980,,,2,0,2,2,0,2,1,1,1,1,0,0
65459,,,0,1,1,0,1,1,12,0.200019,0.229198,0,0,0
28180,,,1,0,1,1,0,1,13,0.163975,0.174904,0,0,0
25224,,,0,1,1,0,1,1,14,0.177221,0.193208,0,0,0
6081,,,6,1,7,6,1,7,11,0.209955,0.230473,3590.940069,0.190476,4
11796,,,0,1,1,0,1,1,5,0.347826,0.43125,0,0,0
4608,,,0,1,1,0,1,1,15,0.134612,0.140661,0,0,0
61776,,,0,2,2,0,2,2,5,0.347826,0.483333,7,0,0
8067,,,1,0,1,1,0,1,6,0.266667,0.3625,0,0,0
28408,,,0,6,6,0,6,6,12,0.204422,0.225863,1258.047161,0.266667,4
63483,,,0,7,7,0,7,7,12,0.205212,0.227463,945.476791,0.285714,6
10443,,,0,13,13,0,13,13,12,0.214323,0.240603,39933.405779,0.012821,1
7486,,,0,6,6,0,6,6,12,0.191334,0.210029,8708.923238,0,0
145979,,,0,5,5,0,5,5,10,0.215864,0.237359,11528.600354,0.1,1
148328,,,0,3,3,0,3,3,12,0.18915,0.209222,1163.817901,0,0
160570,,,0,6,6,0,6,6,12,0.193064,0.210785,4048.869642,0,0
4036,,,0,1,1,0,1,1,12,0.161381,0.170351,0,0,0
6494,,,1,0,1,1,0,1,13,0.161835,0.171277,0,0,0
277918,,,0,1,1,0,1,1,1,1,1,0,0,0
28724,,,1,0,1,1,0,1,1,1,1,0,0,0
1372,,,0,1,1,0,1,1,12,0.183811,0.201916,0,0,0
4600,,,0,2,2,0,2,2,12,0.203298,0.222633,146.121659,0,0
6845,,,0,2,2,0,2,2,12,0.202207,0.220414,68.342371,0,0
6946,,,1,3,4,1,3,4,12,0.204604,0.225427,2327.176655,0,0
100737,,,9,0,9,9,0,9,13,0.178611,0.195148,1420.569123,0,0
10195,,,0,3,3,0,3,3,12,0.204563,0.225105,257.176655,0,0
5691,,,3,0,3,3,0,3,13,0.176691,0.190778,117.473543,0,0
203890,,,1,0,1,1,0,1,13,0.176511,0.189652,0,0,0
19911,,,0,3,3,0,3,3,12,0.204341,0.2243,1206.394203,0,0
20366,,,0,6,6,0,6,6,12,0.205477,0.227131,1970.285774,0.066667,1
26019,,,0,3,3,0,3,3,12,0.204563,0.225105,257.176655,0,0
28624,,,0,1,1,0,1,1,12,0.183811,0.201916,0,0,0
28742,,,0,4,4,0,4,4,12,0.204644,0.225548,562.749675,0,0
30644,,,0,3,3,0,3,3,12,0.204563,0.225105,257.176655,0,0
31567,,,0,3,3,0,3,3,12,0.204563,0.225105,257.176655,0,0
61081,,,0,3,3,0,3,3,12,0.204563,0.225105,257.176655,0,0
61376,,,2,3,5,2,3,5,12,0.178166,0.192505,22867.511401,0,0
65399,,,0,4,4,0,4,4,12,0.204644,0.225548,562.749675,0,0
66529,,,1,3,4,1,3,4,12,0.205906,0.227354,1825.554738,0,0
117861,,,0,2,2,0,2,2,12,0.189012,0.208595,42.712625,0,0
118122,,,0,1,1,0,1,1,12,0.183811,0.201916,0,0,0
149477,,,0,2,2,0,2,2,12,0.18404,0.202753,57.352006,0,0
157198,,,0,2,2,0,2,2,12,0.203298,0.222633,146.121659,0,0
157415,,,0,4,4,0,4,4,12,0.204644,0.225548,562.749675,0,0
24384,,,0,1,1,0,1,1,13,0.170145,0.18181,0,0,0
30220,,,0,4,4,0,4,4,13,0.18287,0.199454,4495.667202,0,0
12389,,,2,0,2,2,0,2,13,0.176541,0.189974,2070,0,0
23753,,,0,2,2,0,2,2,13,0.165587,0.17784,505.464279,0,0
145977,,,2,0,2,2,0,2,13,0.151256,0.15975,63.773556,0,0
30832,,,0,1,1,0,1,1,13,0.165561,0.177518,0,0,0
157116,,,0,1,1,0,1,1,13,0.165561,0.177518,0,0,0
14638,,,0,1,1,0,1,1,2,0.666667,0.75,0,0,0
7672,,,2,0,2,2,0,2,1,1,1,1,0,0
213288,,,0,1,1,0,1,1,13,0.170313,0.181822,0,0,0
1382,,,5,0,5,5,0,5,12,0.205253,0.226405,19122.659301,0,0
9698,,,0,1,1,0,1,1,13,0.135236,0.140611,0,0,0
66300,,,0,2,2,0,2,2,11,0.185275,0.199199,6204,0,0
112034,,,0,3,3,0,3,3,12,0.197032,0.212859,2233.248454,0,0
3662,,,0,1,1,0,1,1,13,0.184253,0.198688,0,0,0
4091,,,0,2,2,0,2,2,12,0.195932,0.211398,249.784306,0,0
7549,,,0,2,2,0,2,2,12,0.195932,0.211398,249.784306,0,0
63876,,,0,1,1,0,1,1,13,0.184253,0.198688,0,0,0
64634,,,0,3,3,0,3,3,13,0.184318,0.199332,2780.704971,0,0
10519,,,2,0,2,2,0,2,14,0.15996,0.169872,10.733333,0,0
14078,,,1,0,1,1,0,1,14,0.155644,0.164252,0,0,0
148349,,,0,2,2,0,2,2,13,0.157371,0.16686,2070,0,0
1914,,,1,0,1,1,0,1,14,0.135982,0.141856,0,0,0
64568,,,0,3,3,0,3,3,11,0.17979,0.193182,19364.291797,0,0
30463,,,0,3,3,0,3,3,13,0.167706,0.17891,3602.690584,0.666667,2
2490,,,3,1,4,3,1,4,13,0.144572,0.152771,5386.767965,0.333333,2
10867,,,3,1,4,3,1,4,12,0.200737,0.219323,43722.561343,0.166667,1
162742,,,0,4,4,0,4,4,13,0.144552,0.15261,6206,0.166667,1
10645,,,2,4,6,2,4,6,12,0.168813,0.180787,23488.205341,0.2,3
135990,,,1,0,1,1,0,1,14,0.126304,0.131311,0,0,0
121713,,,2,0,2,2,0,2,14,0.126319,0.131633,2070,0,0
165358,,,0,1,1,0,1,1,1,1,1,0,0,0
149738,,,1,0,1,1,0,1,1,1,1,0,0,0
22978,,,0,1,1,0,1,1,13,0.162776,0.171697,0,0,0
5018,,,0,5,5,0,5,5,12,0.215348,0.239969,17149.639027,0,0
21496,,,1,1,2,1,1,2,12,0.194259,0.209652,573.604946,0,0
29934,,,0,2,2,0,2,2,12,0.195932,0.211398,249.784306,0,0
145984,,,0,3,3,0,3,3,12,0.189115,0.209102,410.61305,0,0
6534,,,0,4,4,0,4,4,11,0.193262,0.2088,15640.603937,0,0
8215,,,1,0,1,1,0,1,12,0.161974,0.17053,0,0,0
158740,,,0,3,3,0,3,3,12,0.21165,0.233573,9710.912012,0,0
121759,,,0,3,3,0,3,3,11,0.212541,0.234296,9097.8713,0,0
1173,,,0,2,2,0,2,2,12,0.195932,0.211398,249.784306,0,0
4460,,,0,6,6,0,6,6,11,0.212062,0.23361,27899.734408,0,0
8176,,,0,4,4,0,4,4,12,0.192186,0.208019,999.06356,0,0
12522,,,0,2,2,0,2,2,12,0.195932,0.211398,249.784306,0,0
126721,,,0,1,1,0,1,1,13,0.184253,0.198688,0,0,0
5594,,,0,2,2,0,2,2,12,0.169186,0.181895,110.413774,0,0
64340,,,0,1,1,0,1,1,14,0.162063,0.173565,0,0,0
12944,,,0,1,1,0,1,1,12,0.200019,0.229198,0,0,0
7828,,,0,1,1,0,1,1,3,0.444444,0.5,0,0,0
13204,,,5,0,5,5,0,5,2,0.727273,0.8125,17.5,0.2,2
9490,,,0,2,2,0,2,2,3,0.533333,0.604167,0,1,1
15133,,,1,1,2,1,1,2,3,0.533333,0.604167,0,1,1
6410,,,0,1,1,0,1,1,4,0.421053,0.489583,0,0,0
8388,,,0,1,1,0,1,1,12,0.191458,0.20773,0,0,0
119275,,,0,1,1,0,1,1,14,0.15767,0.169916,0,0,0
24925,,,0,1,1,0,1,1,14,0.150959,0.159514,0,0,0
126423,,,0,1,1,0,1,1,14,0.165099,0.179236,0,0,0
66222,,,0,2,2,0,2,2,12,0.168278,0.178856,907.135698,0,0
10813,,,2,0,2,2,0,2,12,0.165389,0.174573,555.319313,0,0
160231,,,0,4,4,0,6,6,13,0.186509,0.205071,1882.397636,0.333333,2
140759,,,0,1,1,0,1,1,12,0.171896,0.184873,0,0,0
4900,,,0,6,6,0,6,6,12,0.210062,0.233876,16141.632534,0,0
3158,,,0,3,3,0,3,3,13,0.170593,0.187624,356.01767,0,0
6532,,,0,2,2,0,2,2,13,0.165999,0.178913,706.522544,0,0
28983,,,0,3,3,0,3,3,13,0.180291,0.195092,2070,0.333333,1
27965,,,1,0,1,1,0,1,14,0.152762,0.161262,0,0,0
29085,,,0,3,3,0,3,3,13,0.171016,0.187288,1050.276821,0,0
64915,,,0,3,3,0,3,3,12,0.175866,0.189446,705.934659,0,0
65286,,,0,2,2,0,2,2,13,0.168114,0.18148,197.018775,0,0
148390,,,0,1,1,0,1,1,14,0.165099,0.179236,0,0,0
150180,,,0,1,1,0,1,1,14,0.165099,0.179236,0,0,0
160933,,,0,2,2,0,2,2,13,0.166707,0.179811,96.502745,0,0
64918,,,0,1,1,0,1,1,12,0.165231,0.175382,0,0,0
29066,,,0,1,1,0,1,1,13,0.153124,0.162236,0,0,0
61725,,,0,2,2,0,2,2,13,0.184878,0.201719,1067.90324,0,0
137667,,,0,5,5,0,5,5,11,0.188239,0.206343,12471.586309,0,0
152649,,,1,0,1,1,0,1,12,0.15843,0.168282,0,0,0
3761,,,0,1,1,0,1,1,13,0.171725,0.185209,0,0,0
23270,,,0,1,1,0,1,1,1,1,1,0,0,0
163948,,,1,0,1,1,0,1,1,1,1,0,0,0
136804,,,0,1,1,0,1,1,12,0.165231,0.175382,0,0,0
127455,,,0,1,1,0,1,1,12,0.169158,0.178208,0,0,0
62336,,,0,2,2,0,2,2,13,0.150816,0.159659,722.459776,0,0
11694,,,0,1,1,0,1,1,13,0.155422,0.163809,0,0,0
7192,,,0,2,2,0,2,2,13,0.170005,0.186116,92.41876,0,0
62217,,,0,1,1,0,1,1,14,0.165099,0.179236,0,0,0
64595,,,0,1,1,0,1,1,12,0.200019,0.229198,0,0,0
8054,,,0,1,1,0,1,1,13,0.157347,0.166538,0,0,0
7682,,,0,1,1,0,1,1,14,0.15767,0.169916,0,0,0
22729,,,0,1,1,0,1,1,1,1,1,0,0,0
13906,,,1,0,1,1,0,1,1,1,1,0,0,0
113361,,,0,3,3,0,3,3,13,0.169476,0.183219,2290.44266,0,0
223911,,,1,0,1,1,0,1,14,0.144927,0.152978,0,0,0
24662,,,0,2,2,0,2,2,13,0.166747,0.182234,0.5,0,0
1234,,,0,1,1,0,1,1,13,0.166922,0.178059,0,0,0
25110,,,0,3,3,0,3,3,12,0.197013,0.214927,4026.895939,0.333333,1
63081,,,0,1,1,0,1,1,1,1,1,0,0,0
8020,,,1,0,1,1,0,1,1,1,1,0,0,0
63700,,,0,1,1,0,1,1,1,1,1,0,0,0
105574,,,1,0,1,1,0,1,1,1,1,0,0,0
143526,,,0,1,1,0,1,1,12,0.169726,0.179852,0,0,0
146778,,,0,4,4,0,4,4,11,0.202682,0.22318,20882.441199,0,0
14395,,,0,1,1,0,1,1,13,0.162241,0.175795,0,0,0
63083,,,0,2,2,0,2,2,14,0.153419,0.162144,364.908331,0,0
165943,,,0,1,1,0,1,1,14,0.148875,0.156179,0,0,0
24304,,,0,1,1,0,1,1,2,0.6,0.666667,0,0,0
24449,,,0,1,1,0,1,1,12,0.168854,0.177759,0,0,0
66060,,,0,1,1,0,1,1,13,0.147423,0.154842,0,0,0
29764,,,0,3,3,0,3,3,13,0.182387,0.203323,10808.364566,0,0
61703,,,0,2,2,0,2,2,14,0.126442,0.130905,2070,0,0
117142,,,1,0,1,1,0,1,15,0.112255,0.115326,0,0,0
14487,,,0,1,1,0,1,1,2,0.6,0.666667,0,0,0
138707,,,0,1,1,0,1,1,1,1,1,0,0,0
62948,,,1,0,1,1,0,1,1,1,1,0,0,0
160600,,,0,2,2,0,2,2,2,0.625,0.7,6,0,0
24982,,,0,1,1,0,1,1,13,0.147423,0.154842,0,0,0
9372,,,2,0,2,2,0,2,13,0.144714,0.151088,4138,0,0
7205,,,0,2,2,0,2,2,13,0.16974,0.186982,1458.975402,0,0
14886,,,0,1,1,0,1,1,14,0.143969,0.154031,0,0,0
28885,,,0,2,2,0,2,2,12,0.202444,0.233258,291.634445,0,0
116389,,,0,1,1,0,1,1,12,0.191458,0.20773,0,0,0
13700,,,0,1,1,0,1,1,14,0.140274,0.146895,0,0,0
61494,,,5,0,5,5,0,5,13,0.163148,0.174239,4900.288569,0,0
65771,,,0,1,1,0,1,1,14,0.140274,0.146895,0,0,0
141321,,,1,1,2,1,1,2,12,0.182902,0.195218,4242.594676,0,0
24402,,,0,2,2,0,2,2,12,0.185043,0.197195,721.227313,0,0
1633,,,1,3,4,1,3,4,11,0.200329,0.218306,8195.4596,0,0
20904,,,0,1,1,0,1,1,1,1,1,0,0,0
30161,,,1,0,1,1,0,1,1,1,1,0,0,0
66697,,,0,1,1,0,1,1,12,0.166801,0.178431,0,0,0
62874,,,0,2,2,0,2,2,12,0.191493,0.208052,2070,0,0
163672,,,0,1,1,0,1,1,12,0.191458,0.20773,0,0,0
174454,,,0,2,2,0,2,2,12,0.202444,0.223668,18266.661935,0,0
11115,,,0,2,2,0,2,2,13,0.161949,0.174747,112.769486,0,0
23776,,,0,2,2,0,2,2,14,0.169768,0.182261,1634.426786,0,0
8872,,,0,2,2,0,2,2,12,0.168882,0.178081,2070,0,0
25355,,,1,0,1,1,0,1,13,0.144492,0.150132,0,0,0
13332,,,0,1,1,0,1,1,1,1,1,0,0,0
15315,,,1,0,1,1,0,1,1,1,1,0,0,0
140073,,,0,3,3,0,3,3,12,0.16913,0.179095,6460.773419,0,0
25013,,,0,1,1,0,1,1,14,0.139386,0.146091,0,0,0
12874,,,0,2,2,0,2,2,11,0.185208,0.198958,2070,0,0
5988,,,1,0,1,1,0,1,12,0.156278,0.164207,0,0,0
18100,,,0,2,2,0,2,2,12,0.172411,0.188567,1463.184785,0,0
25433,,,0,2,2,0,2,2,12,0.172411,0.188567,1463.184785,0,0
23387,,,0,2,2,0,2,2,12,0.172655,0.190642,53.977138,0,0
64132,,,0,1,1,0,2,2,1,1,1,0,0,0
4230,,,1,0,1,2,0,2,1,1,1,0,0,0
148149,,,0,1,1,0,1,1,1,1,1,0,0,0
13853,,,1,0,1,1,0,1,1,1,1,0,0,0
14897,,,0,1,1,0,1,1,1,1,1,0,0,0
62465,,,1,0,1,1,0,1,1,1,1,0,0,0
61483,,,1,0,1,1,0,1,13,0.16073,0.169941,0,0,0
164612,,,0,1,1,0,1,1,1,1,1,0,0,0
62036,,,1,0,1,1,0,1,1,1,1,0,0,0
148069,,,0,1,1,0,1,1,13,0.171725,0.185209,0,0,0
160375,,,0,1,1,0,1,1,13,0.171725,0.185209,0,0,0
61151,,,0,1,1,0,1,1,14,0.133484,0.140617,0,0,0
20196,,,4,0,4,4,0,4,13,0.154035,0.165867,4324.280124,0,0
178706,,,0,1,1,0,1,1,12,0.200019,0.229198,0,0,0
14808,,,0,2,2,0,2,2,12,0.208455,0.237326,2456.609138,0,0
23528,,,0,1,1,0,1,1,14,0.161192,0.174506,0,0,0
161810,,,0,1,1,0,1,1,1,1,1,0,0,0
264708,,,1,0,1,1,0,1,1,1,1,0,0,0
8559,,,0,1,1,0,1,1,1,1,1,0,0,0
2555,,,1,0,1,1,0,1,1,1,1,0,0,0
28118,,,0,1,1,0,1,1,12,0.191458,0.20773,0,0,0
14227,,,0,2,2,0,2,2,13,0.169338,0.184151,230.923546,0,0
25338,,,4,0,4,4,0,4,13,0.167326,0.1821,836.778999,0,0
109600,,,0,1,1,0,1,1,14,0.139021,0.146995,0,0,0
12655,,,0,1,1,0,1,1,12,0.200019,0.229198,0,0,0
7116,,,2,3,5,2,3,5,12,0.212106,0.245058,22422.924117,0,0
62745,,,0,3,3,0,3,3,12,0.202682,0.234184,872.053815,0,0
30199,,,0,5,5,0,5,5,12,0.203099,0.235568,1330.566658,0.3,3
5518,,,1,3,4,1,3,4,12,0.20288,0.234763,872.053815,0.5,3
8096,,,0,2,2,0,2,2,12,0.202444,0.233258,291.634445,0,0
29627,,,1,3,4,1,3,4,12,0.207432,0.23846,5723.730383,0,0
64896,,,0,3,3,0,3,3,12,0.202682,0.234184,872.053815,0,0
148410,,,0,3,3,0,3,3,12,0.202682,0.234184,872.053815,0,0
145049,,,2,2,4,2,2,4,13,0.194332,0.214135,1272.599216,0,0
28388,,,0,1,1,0,1,1,1,1,1,0,0,0
24978,,,1,0,1,1,0,1,1,1,1,0,0,0
4448,,,0,1,1,0,1,1,12,0.172871,0.186572,0,0,0
65819,,,0,1,1,0,1,1,12,0.172871,0.186572,0,0,0
1677,,,0,1,1,0,1,1,12,0.200019,0.229198,0,0,0
30358,,,0,4,4,0,4,4,12,0.20292,0.234884,8290.624252,0,0
8330,,,0,3,3,0,3,3,12,0.200213,0.230067,3672.081574,0,0
4523,,,1,0,1,1,0,1,13,0.166828,0.182165,0,0,0
160661,,,0,1,1,0,1,1,1,1,1,0,0,0
13634,,,1,0,1,1,0,1,1,1,1,0,0,0
64539,,,0,1,1,0,1,1,13,0.175004,0.191588,0,0,0
164416,,,0,10,10,0,10,10,12,0.200116,0.225166,27199.416134,0,0
7875,,,0,1,1,0,1,1,12,0.200019,0.229198,0,0,0
136806,,,0,1,1,0,1,1,12,0.200019,0.229198,0,0,0
64048,,,3,0,3,3,0,3,13,0.177661,0.19746,2880.570939,0,0
9289,,,0,1,1,0,1,1,14,0.15247,0.164565,0,0,0
27991,,,1,0,1,1,0,1,13,0.166761,0.17975,0,0,0
144139,,,0,1,1,0,1,1,1,1,1,0,0,0
20423,,,1,0,1,1,0,1,1,1,1,0,0,0
162283,,,5,0,5,5,0,5,14,0.126396,0.1328,6207.833333,0,0
2696,,,0,1,1,0,1,1,15,0.112219,0.116225,0,0,0
6335,,,0,1,1,0,1,1,15,0.112219,0.116225,0,0,0
7923,,,2,1,3,2,1,3,13,0.144542,0.152409,3804.199412,0,0
12312,,,0,1,1,0,1,1,15,0.112219,0.116225,0,0,0
4790,,,0,1,1,0,1,1,13,0.15384,0.160995,0,0,0
25921,,,0,2,2,0,2,2,13,0.128858,0.134217,180.214376,0,0
154758,,,1,1,2,1,1,2,0,0,0,0,0,0
22177,,,0,2,2,0,2,2,11,0.178673,0.189621,5663.33427,0,0
12625,,,0,2,2,0,2,2,12,0.192633,0.209692,117.798917,0,0
30751,,,0,9,9,0,9,9,12,0.212891,0.248983,22929.865564,0.027778,1
30877,,,0,2,2,0,2,2,12,0.200097,0.22964,4138,0,0
157735,,,0,5,5,0,5,5,12,0.214634,0.248789,20891.690769,0,0
7435,,,2,0,2,2,0,2,12,0.209002,0.22858,6297.541087,0,0
11649,,,0,1,1,0,1,1,12,0.191458,0.20773,0,0,0
25069,,,0,1,1,0,1,1,12,0.191458,0.20773,0,0,0
12598,,,0,1,1,0,1,1,12,0.183811,0.201916,0,0,0
28933,,,0,4,4,0,4,4,12,0.204766,0.225781,551.216562,0,0
29612,,,0,1,1,0,1,1,12,0.182596,0.198299,0,0,0
3416,,,1,0,1,1,0,1,13,0.175538,0.193375,0,0,0
115336,,,3,0,3,3,0,3,13,0.175598,0.194019,4139,0,0
5783,,,0,1,1,0,1,1,12,0.200019,0.229198,0,0,0
12266,,,0,1,1,0,1,1,14,0.152268,0.163668,0,0,0
22532,,,1,1,2,1,1,2,12,0.200097,0.22964,4138,0,0
118734,,,0,2,2,0,2,2,12,0.200174,0.229825,8268,0,0
13572,,,0,6,6,0,6,6,12,0.198543,0.219784,99180.599496,0,0
161064,,,0,2,2,0,2,2,12,0.149877,0.158589,4138,0,0
6115,,,0,2,2,0,2,2,12,0.165999,0.176856,613.464379,0,0
63460,,,0,1,1,0,1,1,1,1,1,0,0,0
125134,,,1,0,1,1,0,1,1,1,1,0,0,0
155133,,,0,1,1,0,1,1,11,0.175137,0.185972,0,0,0
11747,,,2,0,2,2,0,2,13,0.165693,0.177152,2070,0,0
5379,,,0,1,1,0,1,1,12,0.151345,0.161436,0,0,0
111839,,,0,1,1,0,1,1,13,0.134989,0.139975,0,0,0
162387,,,0,1,1,0,1,1,1,1,1,0,0,0
15319,,,1,0,1,1,0,1,1,1,1,0,0,0
160621,,,0,1,1,0,1,1,1,1,1,0,0,0
29290,,,1,0,1,1,0,1,1,1,1,0,0,0
163060,,,0,1,1,0,1,1,1,1,1,0,0,0
162720,,,1,0,1,1,0,1,1,1,1,0,0,0
176259,,,0,1,1,0,1,1,1,1,1,0,0,0
61034,,,1,0,1,1,0,1,1,1,1,0,0,0
249158,,,0,1,1,0,1,1,13,0.134989,0.139975,0,0,0
178877,,,0,1,1,0,1,1,14,0.143015,0.151316,0,0,0
163587,,,0,1,1,0,1,1,13,0.157347,0.166538,0,0,0
12392,,,0,2,2,0,2,2,14,0.142307,0.150107,435.684164,0,0
10484,,,4,0,4,4,0,4,14,0.146619,0.155546,4513.808468,0,0
28897,,,1,1,2,1,1,2,16,0.118764,0.123402,2070,0,0
1230,,,1,0,1,1,0,1,17,0.106162,0.1094,0,0,0
29608,,,0,1,1,0,1,1,14,0.140037,0.145871,0,0,0
147453,,,0,1,1,0,1,1,2,0.666667,0.75,0,0,0
147639,,,0,4,4,0,4,4,13,0.17171,0.185247,12503.089341,0,0
155280,,,0,1,1,0,1,1,1,1,1,0,0,0
1213,,,1,0,1,1,0,1,1,1,1,0,0,0
63026,,,0,3,3,0,3,3,13,0.193823,0.213095,2398.174816,0.333333,1
1210,,,0,1,1,0,1,1,14,0.14938,0.160021,0,0,0
158453,,,1,1,2,1,1,2,11,0.18146,0.193581,74.816935,0,0
63147,,,0,1,1,0,1,1,15,0.127879,0.133505,0,0,0
140045,,,0,1,1,0,1,1,15,0.134708,0.140825,0,0,0
176152,,,0,2,2,0,2,2,15,0.134743,0.141267,4138,0,0
147208,,,0,1,1,0,1,1,13,0.14796,0.155806,0,0,0
147811,,,0,2,2,0,2,2,11,0.178843,0.191468,4780.0593,0,0
264509,,,0,1,1,0,1,1,11,0.165733,0.175281,0,0,0
163594,,,0,1,1,0,1,1,14,0.142151,0.149084,0,0,0
113140,,,0,8,8,0,8,8,11,0.240702,0.275513,169230.458544,0,0
64160,,,0,3,3,0,3,3,12,0.204563,0.225105,257.176655,0,0
65609,,,1,0,1,1,0,1,12,0.194023,0.210555,0,0,0
9664,,,0,1,1,0,1,1,14,0.155644,0.16559,0,0,0
62064,,,0,1,1,0,1,1,14,0.149122,0.157408,0,0,0
63070,,,0,3,3,0,3,3,13,0.194734,0.212563,1546.635494,0,0
118304,,,0,1,1,0,1,1,14,0.149122,0.157408,0,0,0
24708,,,0,2,2,0,2,2,13,0.154818,0.162723,4138,0,0
62396,,,2,0,2,2,0,2,14,0.134089,0.139398,2070,0,0
133866,,,0,1,1,0,1,1,17,0.111716,0.116359,0,0,0
62391,,,3,0,3,3,0,3,16,0.125759,0.13279,6206,0,0
13440,,,1,1,2,1,1,2,13,0.18404,0.199975,2070,0,0
125860,,,0,1,1,0,1,1,13,0.184007,0.199653,0,0,0
127464,,,0,1,1,0,1,1,13,0.157407,0.167425,0,0,0
25053,,,0,1,1,0,1,1,14,0.164105,0.173995,0,0,0
65908,,,0,4,4,0,4,4,14,0.155434,0.166685,3720.066611,0,0
112179,,,0,1,1,0,1,1,14,0.155445,0.164501,0,0,0
120359,,,0,1,1,0,1,1,14,0.155201,0.165172,0,0,0
122358,,,0,1,1,0,1,1,15,0.118242,0.121824,0,0,0
125239,,,0,3,3,0,3,3,13,0.154818,0.162924,4139,0,0
19151,,,0,1,1,0,1,1,1,1,1,0,0,0
127314,,,1,0,1,1,0,1,1,1,1,0,0,0
112694,,,1,0,1,1,0,1,15,0.134533,0.141277,0,0,0
153728,,,1,0,1,1,0,1,14,0.134071,0.139133,0,0,0
204867,,,1,0,1,1,0,1,14,0.134071,0.139133,0,0,0
124442,,,0,1,1,0,1,1,12,0.183811,0.201916,0,0,0
32280,,,0,2,2,0,2,2,13,0.182354,0.196085,1075.583384,0,0
153668,,,0,1,1,0,1,1,1,1,1,0,0,0
148409,,,1,0,1,1,0,1,1,1,1,0,0,0
62088,,,0,2,2,0,2,2,13,0.173815,0.187483,1154.026774,0,0
108740,,,0,1,1,0,1,1,14,0.157263,0.167895,0,0,0
124394,,,0,1,1,0,1,1,14,0.157263,0.167895,0,0,0
12478,,,0,1,1,0,1,1,16,0.114941,0.118973,0,0,0
113491,,,3,0,3,3,0,3,15,0.12986,0.135986,4139,0,0
1183,,,0,1,1,0,1,1,12,0.18308,0.198377,0,0,0
25656,,,0,1,1,0,1,1,12,0.191458,0.20773,0,0,0
178892,,,0,1,1,0,1,1,14,0.153498,0.161969,0,0,0
124198,,,0,2,2,0,2,2,12,0.183876,0.202358,4138,0,0
148365,,,1,1,2,1,1,2,12,0.195009,0.213895,3638.751036,0,0
29397,,,0,1,1,0,1,1,15,0.128858,0.134167,0,0,0
10920,,,2,0,2,2,0,2,14,0.147907,0.156106,2070,0,0
22248,,,0,2,2,0,2,2,13,0.166774,0.182299,2070,0,0
63525,,,0,2,2,0,2,2,13,0.173262,0.186965,112.922758,0,0
123500,,,0,1,1,0,1,1,13,0.169963,0.182135,0,0,0
163629,,,0,1,1,0,1,1,13,0.184007,0.199653,0,0,0
260775,,,0,1,1,0,1,1,13,0.167679,0.17865,0,0,0
129078,,,0,1,1,0,1,1,16,0.114941,0.118973,0,0,0
162329,,,0,1,1,0,1,1,14,0.145069,0.152946,0,0,0
66023,,,0,1,1,0,1,1,14,0.157263,0.167895,0,0,0
162556,,,0,1,1,0,1,1,14,0.157263,0.167895,0,0,0
124355,,,0,3,3,0,3,3,12,0.170019,0.184363,5053.823961,0,0
156155,,,1,3,4,1,3,4,11,0.185026,0.198417,6332.305544,0,0
31524,,,0,1,1,0,1,1,12,0.200019,0.229198,0,0,0
177872,,,0,1,1,0,1,1,12,0.14377,0.150051,0,0,0
63951,,,1,2,3,1,2,3,11,0.167896,0.178534,4738.227713,0,0
62317,,,0,1,1,0,1,1,12,0.196994,0.212721,0,0,0
121436,,,2,0,2,2,0,2,13,0.155352,0.165899,2070,0,0
7932,,,1,0,1,1,0,1,14,0.142946,0.152178,0,0,0
175004,,,0,1,1,0,1,1,11,0.185175,0.198636,0,0,0
160913,,,0,2,2,0,2,2,2,0.75,0.833333,2,0,0
14912,,,2,0,2,2,0,2,2,0.75,0.833333,2,0,0
31366,,,0,1,1,0,1,1,1,1,1,0,0,0
10999,,,1,0,1,1,0,1,1,1,1,0,0,0
9691,,,1,0,1,1,0,1,3,0.5,0.611111,0,0,0
5330,,,0,1,1,0,1,1,12,0.196994,0.212721,0,0,0
140033,,,0,1,1,0,1,1,2,0.666667,0.75,0,0,0
121318,,,2,0,2,2,0,2,1,1,1,1,0,0
13432,,,0,3,3,0,3,3,13,0.136232,0.145877,2236.269264,0,0
124361,,,1,0,1,1,0,1,14,0.119905,0.125861,0,0,0
28003,,,0,2,2,0,2,2,13,0.148342,0.157993,370.536151,0,0
162520,,,0,2,2,0,2,2,13,0.156894,0.16599,3802.962513,0,0
158736,,,0,2,2,0,2,2,16,0.096613,0.101033,4138,0,0
8099,,,2,0,2,2,0,2,17,0.088113,0.091469,2070,0,0
3419,,,3,0,3,3,0,3,13,0.136178,0.14395,2182.463885,0,0
146212,,,0,2,2,0,2,2,1,1,1,1,0,0
9890,,,1,0,1,1,0,1,2,0.666667,0.75,0,0,0
162272,,,0,2,2,0,2,2,14,0.119587,0.126439,20610,0,0
1048,,,0,1,1,0,1,1,1,1,1,0,0,0
11552,,,1,0,1,1,0,1,1,1,1,0,0,0
10495,,,0,2,2,0,2,2,13,0.132722,0.138495,2070,0,0
4383,,,4,0,4,4,0,4,12,0.152999,0.162055,6843.848521,0,0
10678,,,0,2,2,0,2,2,14,0.110832,0.115011,2070,0,0
8577,,,1,0,1,1,0,1,15,0.099778,0.102718,0,0,0
30838,,,0,1,1,0,1,1,1,1,1,0,0,0
31010,,,1,0,1,1,0,1,1,1,1,0,0,0
9848,,,1,0,1,1,0,1,2,0.666667,0.75,0,0,0
177739,,,0,2,2,0,2,2,12,0.14603,0.155231,1531.128475,0,0
7994,,,0,1,1,0,1,1,1,1,1,0,0,0
156819,,,1,0,1,1,0,1,1,1,1,0,0,0
8265,,,0,1,1,0,1,1,2,0.666667,0.75,0,0,0
8326,,,0,2,2,0,2,2,15,0.116296,0.12086,2.5,0,0
3439,,,2,0,2,2,0,2,14,0.131509,0.137483,1032.5,0,0
23465,,,1,0,1,1,0,1,14,0.117178,0.120997,0,0,0
12749,,,2,0,2,2,0,2,13,0.124624,0.13038,4138,0,0
5742,,,1,0,1,1,0,1,13,0.129835,0.134448,0,0,0
61236,,,0,1,1,0,1,1,1,1,1,0,0,0
8214,,,1,0,1,1,0,1,1,1,1,0,0,0
3533,,,0,2,2,0,2,2,15,0.134734,0.141347,2070,0,0
112191,,,1,0,1,1,0,1,16,0.118743,0.12316,0,0,0
9860,,,0,3,3,0,3,3,15,0.114502,0.118917,6206,0,0
3198,,,0,1,1,0,1,1,1,1,1,0,0,0
66591,,,1,0,1,1,0,1,1,1,1,0,0,0
9445,,,1,0,1,1,0,1,16,0.102743,0.105699,0,0,0
10491,,,0,2,2,0,2,2,12,0.142317,0.150817,6204,0,0
9867,,,0,3,3,0,3,3,13,0.151389,0.160482,14450.5,0,0
162129,,,1,0,1,1,0,1,18,0.091021,0.093434,0,0,0
7851,,,0,1,1,0,1,1,14,0.119863,0.124799,0,0,0
10327,,,1,0,1,1,0,1,18,0.091021,0.093434,0,0,0
7970,,,0,1,1,0,1,1,2,0.666667,0.75,0,0,0
24660,,,0,1,1,0,1,1,3,0.5,0.611111,0,0,0
61925,,,0,1,1,0,1,1,12,0.176105,0.19191,0,0,0
110802,,,1,1,2,1,1,2,2,0.75,0.833333,2,0,0
10581,,,1,0,1,1,0,1,3,0.5,0.611111,0,0,0
13062,,,0,1,1,0,1,1,1,1,1,0,0,0
8450,,,1,0,1,1,0,1,1,1,1,0,0,0
30163,,,0,1,1,0,1,1,1,1,1,0,0,0
31596,,,1,0,1,1,0,1,1,1,1,0,0,0
60892,,,0,1,1,0,1,1,1,1,1,0,0,0
156418,,,1,0,1,1,0,1,1,1,1,0,0,0
25406,,,0,2,2,0,2,2,12,0.17965,0.196493,95.561113,0,0
146036,,,0,1,1,0,1,1,3,0.5,0.583333,0,0,0
10686,,,0,1,1,0,1,1,13,0.170509,0.182855,0,0,0
29074,,,0,1,1,0,1,1,14,0.159713,0.172308,0,0,0
61028,,,0,1,1,0,1,1,13,0.164157,0.173609,0,0,0
31453,,,1,0,1,1,0,1,12,0.156149,0.163744,0,0,0
113362,,,1,1,2,1,1,2,15,0.144775,0.154735,0.333333,0,0
15855,,,1,2,3,1,2,3,14,0.169241,0.18582,1151.931883,0,0
118528,,,0,1,1,0,1,1,1,1,1,0,0,0
24352,,,1,0,1,1,0,1,1,1,1,0,0,0
125274,,,0,1,1,0,1,1,13,0.18146,0.194556,0,0,0
26039,,,0,1,1,0,1,1,1,1,1,0,0,0
28590,,,1,0,1,1,0,1,1,1,1,0,0,0
30891,,,0,1,1,0,1,1,14,0.134254,0.140719,0,0,0
2547,,,7,0,7,7,0,7,13,0.155061,0.16599,12405,0,0
29870,,,0,1,1,0,1,1,1,1,1,0,0,0
5959,,,1,0,1,1,0,1,1,1,1,0,0,0
128498,,,0,2,2,0,2,2,12,0.202444,0.233258,291.634445,0,0
28435,,,0,1,1,0,1,1,12,0.191458,0.20773,0,0,0
11318,,,0,2,2,0,2,2,12,0.201734,0.232038,577.882502,0,0
8350,,,0,1,1,0,1,1,12,0.173538,0.184235,0,0,0
8084,,,0,1,1,0,1,1,13,0.136143,0.143306,0,0,0
5772,,,0,1,1,0,1,1,12,0.200019,0.229198,0,0,0
12434,,,0,1,1,0,1,1,1,1,1,0,0,0
8030,,,1,0,1,1,0,1,1,1,1,0,0,0
124050,,,0,1,1,0,1,1,13,0.140913,0.149868,0,0,0
121762,,,0,3,3,0,3,3,12,0.173625,0.192378,77.99075,0,0
135986,,,0,2,2,0,2,2,13,0.1646,0.182334,15.971409,0,0
162335,,,0,4,4,0,4,4,12,0.205722,0.237536,3730.157011,0,0
7186,,,1,1,2,1,1,2,13,0.164994,0.18159,6190.910078,0,0
1177,,,4,0,4,4,0,4,15,0.125935,0.134258,6207,0,0
28182,,,0,1,1,0,1,1,12,0.200019,0.229198,0,0,0
160742,,,0,1,1,0,1,1,1,1,1,0,0,0
10190,,,1,0,1,1,0,1,1,1,1,0,0,0
25536,,,0,4,4,0,4,4,12,0.2029,0.236573,3613.096288,0,0
138704,,,0,2,2,0,2,2,12,0.206049,0.236616,3889.560315,0,0
28787,,,0,6,6,0,6,6,13,0.167951,0.183996,8756.63253,0,0
24893,,,2,0,2,2,0,2,12,0.176046,0.190921,1273.775707,0,0
63848,,,1,0,1,1,0,1,12,0.155212,0.165746,0,0,0
3708,,,1,0,1,1,0,1,14,0.143969,0.154031,0,0,0
7566,,,1,0,1,1,0,1,14,0.143809,0.153028,0,0,0
29909,,,2,0,2,2,0,2,12,0.181778,0.201457,128.935049,0,0
134464,,,0,2,2,0,2,2,13,0.148406,0.15877,919.468732,0,0
11017,,,0,1,1,0,1,1,13,0.181667,0.197387,0,0,0
11781,,,1,0,1,1,0,1,13,0.133295,0.140425,0,0,0
124617,,,0,1,1,0,1,1,1,1,1,0,0,0
200976,,,1,0,1,1,0,1,1,1,1,0,0,0
3937,,,0,1,1,0,1,1,13,0.181667,0.197387,0,0,0
13503,,,0,2,2,0,2,2,12,0.17221,0.186395,392.623014,0,0
31849,,,5,0,5,5,0,5,13,0.181651,0.201934,7124.850194,0,0
65718,,,0,5,5,0,5,5,12,0.203698,0.224258,1629.654486,0,0
6717,,,0,1,1,0,1,1,1,1,1,0,0,0
25313,,,1,0,1,1,0,1,1,1,1,0,0,0
16721,,,1,1,2,1,1,2,12,0.203959,0.233012,293.6681,0,0
25434,,,1,1,2,1,1,2,12,0.177312,0.192925,1532.286317,0,0
110679,,,0,3,3,0,3,3,12,0.203939,0.237272,2196.339429,0,0
162894,,,0,1,1,0,1,1,1,1,1,0,0,0
61839,,,1,0,1,1,0,1,1,1,1,0,0,0
10903,,,4,0,4,4,0,4,14,0.147718,0.158835,6431.089596,0,0
25081,,,0,1,1,0,1,1,16,0.111855,0.117245,0,0,0
24187,,,0,1,1,0,1,1,1,1,1,0,0,0
24607,,,1,0,1,1,0,1,1,1,1,0,0,0
31683,,,0,1,1,0,1,1,14,0.146485,0.158727,0,0,0
11669,,,4,1,5,4,1,5,13,0.154012,0.165545,2254.280124,0.5,3
64736,,,0,1,1,0,1,1,1,1,1,0,0,0
120051,,,1,0,1,1,0,1,1,1,1,0,0,0
12222,,,0,1,1,0,1,1,15,0.137007,0.145584,0,0,0
127282,,,0,1,1,0,1,1,14,0.165099,0.179236,0,0,0
147868,,,0,1,1,0,1,1,13,0.154899,0.167468,0,0,0
122355,,,0,1,1,0,1,1,13,0.167489,0.181149,0,0,0
31227,,,0,1,1,0,1,1,14,0.139021,0.146995,0,0,0
21244,,,0,1,1,0,1,1,1,1,1,0,0,0
176591,,,1,0,1,1,0,1,1,1,1,0,0,0
63154,,,0,1,1,0,1,1,13,0.18146,0.194556,0,0,0
25285,,,0,1,1,0,1,1,12,0.200019,0.229198,0,0,0
1518,,,0,1,1,0,1,1,2,0.6,0.666667,0,0,0
114524,,,3,0,3,3,0,3,1,1,1,3,0,0
12824,,,0,2,2,0,2,2,14,0.146547,0.159296,2070,0,0
5342,,,0,1,1,0,1,1,12,0.200019,0.229198,0,0,0
9872,,,1,0,1,1,0,1,15,0.127824,0.135831,0,0,0
146111,,,0,1,1,0,1,1,12,0.168854,0.177759,0,0,0
25322,,,0,1,1,0,1,1,1,1,1,0,0,0
120835,,,1,0,1,1,0,1,1,1,1,0,0,0
166199,,,0,3,3,0,3,3,14,0.13803,0.146144,2347.971899,0,0
11818,,,1,0,1,1,0,1,15,0.121296,0.12652,0,0,0
12124,,,3,0,3,3,0,3,14,0.146796,0.155641,2883.780074,0,0
30128,,,2,0,2,2,0,2,13,0.159713,0.171109,3611.071674,0,0
6682,,,0,2,2,0,2,2,15,0.139208,0.147222,2070,0,0
115872,,,1,0,1,1,0,1,16,0.122205,0.127429,0,0,0
9083,,,0,1,1,0,1,1,18,0.080981,0.083398,0,0,0
264395,,,0,1,1,0,1,1,11,0.165972,0.175444,0,0,0
6781,,,0,3,3,0,3,3,11,0.168306,0.179538,5177.738622,0.333333,1
23006,,,0,1,1,0,1,1,12,0.191458,0.20773,0,0,0
28349,,,1,1,2,1,1,2,12,0.140169,0.146023,6204,0,0
10832,,,0,1,1,0,1,1,14,0.134254,0.140719,0,0,0
166582,,,0,1,1,0,1,1,1,1,1,0,0,0
13561,,,1,0,1,1,0,1,1,1,1,0,0,0
62335,,,0,2,2,0,2,2,13,0.163509,0.172553,4138,0,0
3221,,,2,0,2,2,0,2,14,0.140559,0.146546,2070,0,0
7065,,,2,0,2,2,0,2,12,0.195377,0.210539,6204,0,0
29055,,,0,1,1,0,1,1,3,0.5,0.611111,0,0,0
3555,,,2,0,2,2,0,2,2,0.75,0.833333,2,0,0
122143,,,0,1,1,0,1,1,12,0.191458,0.20773,0,0,0
64807,,,0,1,1,0,1,1,15,0.128713,0.135526,0,0,0
11267,,,0,1,1,0,1,1,2,0.6,0.666667,0,0,0
7092,,,0,3,3,0,3,3,12,0.2,0.216988,7305.992587,0,0
7121,,,0,1,1,0,1,1,12,0.183811,0.201916,0,0,0
14924,,,0,3,3,0,3,3,12,0.204806,0.226648,9966.161841,0,0
23724,,,0,1,1,0,1,1,12,0.200815,0.217459,0,0,0
10629,,,0,1,1,0,1,1,1,1,1,0,0,0
3238,,,1,0,1,1,0,1,1,1,1,0,0,0
16423,,,0,1,1,0,1,1,13,0.151003,0.158556,0,0,0
7267,,,3,0,3,3,0,3,12,0.177845,0.190831,4398.547731,0,0
119513,,,0,1,1,0,1,1,16,0.122205,0.127429,0,0,0
63938,,,1,1,2,1,1,2,15,0.139208,0.147222,2070,0,0
2735,,,0,3,3,0,3,3,12,0.191529,0.208373,4139,0,0
29875,,,1,0,1,1,0,1,13,0.160754,0.170061,0,0,0
7163,,,1,0,1,1,0,1,13,0.160754,0.170061,0,0,0
174022,,,0,1,1,0,1,1,1,1,1,0,0,0
14412,,,1,0,1,1,0,1,1,1,1,0,0,0
63268,,,0,1,1,0,1,1,1,1,1,0,0,0
12180,,,1,0,1,1,0,1,1,1,1,0,0,0
138601,,,0,1,1,0,1,1,12,0.161381,0.170351,0,0,0
2852,,,0,1,1,0,1,1,14,0.120225,0.124883,0,0,0
7034,,,0,4,4,0,4,4,12,0.162406,0.175001,6701.897501,0,0
10564,,,0,4,4,0,4,4,12,0.148747,0.158486,2931.217996,0,0
22861,,,0,1,1,0,1,1,12,0.148236,0.156015,0,0,0
24096,,,0,2,2,0,2,2,13,0.170734,0.187489,0,1,1
6100,,,0,4,4,0,4,4,12,0.197633,0.215889,5721.171008,0,0
64766,,,0,2,2,0,2,2,13,0.168429,0.184215,389.232313,0,0
112095,,,0,3,3,0,3,3,12,0.181253,0.196089,2750.903897,0,0
25297,,,0,1,1,0,1,1,13,0.163625,0.172392,0,0,0
63828,,,0,1,1,0,1,1,14,0.150062,0.157973,0,0,0
20204,,,0,2,2,0,2,2,12,0.201107,0.231371,231.464263,0,0
6661,,,0,1,1,0,1,1,1,1,1,0,0,0
200595,,,1,0,1,1,0,1,1,1,1,0,0,0
13639,,,0,1,1,0,1,1,3,0.5,0.611111,0,0,0
164271,,,2,0,2,2,0,2,2,0.75,0.833333,2,0,0
6313,,,0,1,1,0,1,1,13,0.16672,0.181912,0,0,0
5458,,,1,1,2,1,1,2,12,0.200058,0.22952,2070,0,0
15123,,,0,4,4,0,4,4,11,0.195193,0.208747,19134.754768,0,0
8363,,,0,10,10,0,10,10,11,0.190911,0.206817,29925.333511,0,0
1661,,,1,0,1,1,0,1,12,0.160319,0.168848,0,0,0
113917,,,0,1,1,0,1,1,2,0.666667,0.75,0,0,0
6669,,,2,0,2,2,0,2,1,1,1,1,0,0
30298,,,0,9,9,0,9,9,11,0.223771,0.247804,47406.955844,0,0
6216,,,1,0,1,1,0,1,12,0.18287,0.194842,0,0,0
146140,,,0,10,10,0,10,10,10,0.235047,0.258182,118808.244491,0,0
64821,,,0,14,14,0,14,14,11,0.205844,0.229248,28433.278554,0.032967,3
29070,,,0,1,1,0,1,1,13,0.166774,0.182154,0,0,0
6821,,,1,0,1,1,0,1,12,0.160319,0.168848,0,0,0
66354,,,0,9,9,0,9,9,11,0.217565,0.240742,35021.461601,0,0
161013,,,0,8,8,0,8,8,13,0.165866,0.183077,5615.450092,0,0
3607,,,1,0,1,1,0,1,14,0.142278,0.151989,0,0,0
5862,,,0,1,1,0,1,1,1,1,1,0,0,0
29392,,,1,0,1,1,0,1,1,1,1,0,0,0
13579,,,0,7,7,0,7,7,12,0.217954,0.241809,23805.873551,0.047619,1
24825,,,0,9,9,0,9,9,11,0.212193,0.233485,42362.536732,0,0
30354,,,0,4,4,0,4,4,12,0.194369,0.208309,6441.853577,0,0
30637,,,0,7,7,0,7,7,12,0.189774,0.209798,22425.803079,0,0
4843,,,1,0,1,1,0,1,13,0.159516,0.170322,0,0,0
24843,,,1,0,1,1,0,1,12,0.17072,0.182701,0,0,0
101204,,,1,0,1,1,0,1,11,0.190332,0.201506,0,0,0
62913,,,1,0,1,1,0,1,12,0.17072,0.182701,0,0,0
63789,,,1,0,1,1,0,1,12,0.17072,0.182701,0,0,0
145228,,,1,0,1,1,0,1,12,0.17072,0.182701,0,0,0
23793,,,0,3,3,0,3,3,14,0.170047,0.185671,3329.017059,0,0
137602,,,1,0,1,1,0,1,15,0.145344,0.154446,0,0,0
145227,,,0,1,1,0,1,1,14,0.109513,0.11247,0,0,0
64306,,,0,9,9,0,9,9,13,0.211004,0.236377,34277.323249,0,0
155458,,,0,1,1,0,1,1,13,0.169865,0.180885,0,0,0
11220,,,0,9,9,0,9,9,11,0.239422,0.276753,117566.59423,0,0
138205,,,1,0,1,1,0,1,14,0.142278,0.151989,0,0,0
8457,,,0,8,8,0,8,8,12,0.175063,0.192488,23221.572816,0,0
29082,,,0,9,9,0,9,9,14,0.135165,0.146063,5799.055089,0,0
29868,,,0,6,6,0,6,6,14,0.155073,0.166676,10911.927487,0,0
7951,,,1,0,1,1,0,1,13,0.159516,0.170322,0,0,0
7525,,,0,1,1,0,1,1,14,0.14938,0.160021,0,0,0
105365,,,0,1,1,0,1,1,13,0.184007,0.199653,0,0,0
113490,,,0,2,2,0,2,2,13,0.193624,0.21025,847.961066,0,0
121382,,,0,5,5,0,5,5,13,0.19677,0.21619,14232.099604,0,0
160596,,,0,7,7,0,7,7,13,0.196844,0.216834,18371.099604,0,0
28603,,,1,0,1,1,0,1,14,0.164483,0.175199,0,0,0
65679,,,1,0,1,1,0,1,12,0.18287,0.194842,0,0,0
12791,,,1,0,1,1,0,1,14,0.164483,0.175199,0,0,0
13189,,,0,1,1,0,1,1,13,0.166882,0.178872,0,0,0
15111,,,0,6,6,0,6,6,12,0.207307,0.239578,6355.463881,0,0
30067,,,0,12,12,0,12,12,12,0.218069,0.252859,35110.129742,0,0
24731,,,0,4,4,0,4,4,12,0.204766,0.239745,3503.111599,0,0
28323,,,0,7,7,0,7,7,12,0.208162,0.244545,13588.955097,0,0
31230,,,0,2,2,0,2,2,12,0.180401,0.198501,631.544666,0,0
1257,,,0,1,1,0,1,1,12,0.172871,0.186572,0,0,0
24483,,,1,0,1,1,0,1,13,0.148993,0.158683,0,0,0
29099,,,0,15,15,0,15,15,11,0.202622,0.227315,42710.703915,0,0
2886,,,0,1,1,0,1,1,12,0.200019,0.229198,0,0,0
27780,,,0,1,1,0,1,1,12,0.200019,0.229198,0,0,0
30355,,,0,1,1,0,1,1,12,0.200019,0.229198,0,0,0
65251,,,0,6,6,0,6,6,12,0.207515,0.240331,11949.353166,0,0
11340,,,0,2,2,0,2,2,13,0.159234,0.172862,18.387431,0,0
29846,,,1,0,1,1,0,1,13,0.172311,0.190444,0,0,0
28769,,,0,1,1,0,1,1,13,0.154899,0.167468,0,0,0
9284,,,1,0,1,1,0,1,12,0.168497,0.181021,0,0,0
63079,,,1,0,1,1,0,1,12,0.168497,0.181021,0,0,0
110382,,,0,3,3,0,3,3,13,0.158454,0.171054,189.748081,0,0
143689,,,0,5,5,0,5,5,13,0.180637,0.199515,7639.03497,0,0
9255,,,1,0,1,1,0,1,14,0.153011,0.163683,0,0,0
149620,,,0,5,5,0,5,5,13,0.16048,0.17565,9256.064518,0,0
66452,,,0,1,1,0,1,1,1,1,1,0,0,0
65831,,,1,0,1,1,0,1,1,1,1,0,0,0
64410,,,1,0,1,1,0,1,14,0.153011,0.163683,0,0,0
30059,,,1,0,1,1,0,1,13,0.148993,0.158683,0,0,0
65430,,,1,0,1,1,0,1,15,0.119078,0.125476,0,0,0
2938,,,2,0,2,2,0,2,13,0.14924,0.159894,1270.37579,0,0
25108,,,1,0,1,1,0,1,13,0.179044,0.196094,0,0,0
25186,,,2,0,2,2,0,2,12,0.160344,0.16917,2070,0,0
25950,,,0,3,3,0,3,3,14,0.134787,0.143191,2173.003975,0,0
63643,,,3,0,3,3,0,3,15,0.134446,0.142439,909.711015,0,0
9248,,,1,0,1,1,0,1,13,0.171867,0.18842,0,0,0
162905,,,0,1,1,0,1,1,13,0.138196,0.143646,0,0,0
5109,,,1,0,1,1,0,1,15,0.119078,0.125476,0,0,0
5763,,,0,3,3,0,3,3,14,0.159713,0.174751,367.622351,0,0
28765,,,1,0,1,1,0,1,14,0.138297,0.147232,0,0,0
6802,,,1,0,1,1,0,1,12,0.168497,0.181021,0,0,0
25356,,,1,0,1,1,0,1,13,0.16275,0.170607,0,0,0
8148,,,0,1,1,0,1,1,15,0.122241,0.128893,0,0,0
11511,,,1,0,1,1,0,1,15,0.118784,0.124183,0,0,0
175900,,,1,0,1,1,0,1,13,0.179044,0.196094,0,0,0
7647,,,14,0,14,14,0,14,10,0.225648,0.250054,92442.459353,0,0
8245,,,1,0,1,1,0,1,13,0.178966,0.191325,0,0,0
2968,,,5,0,5,5,0,5,10,0.186644,0.199572,17194.674641,0,0
4739,,,3,0,3,3,0,3,10,0.193046,0.206146,3963.595791,0,0
8007,,,2,0,2,2,0,2,13,0.173683,0.187669,2110.786599,0,0
11856,,,1,0,1,1,0,1,12,0.18287,0.194842,0,0,0
153070,,,0,1,1,0,1,1,1,1,1,0,0,0
10035,,,1,0,1,1,0,1,1,1,1,0,0,0
16243,,,1,0,1,1,0,1,14,0.138297,0.147232,0,0,0
21436,,,1,0,1,1,0,1,11,0.190332,0.201506,0,0,0
124315,,,0,2,2,0,2,2,2,0.75,0.833333,2,0,0
13649,,,2,0,2,2,0,2,13,0.179075,0.196416,839.493191,0,0
28838,,,1,0,1,1,0,1,3,0.5,0.611111,0,0,0
160479,,,1,0,1,1,0,1,12,0.160319,0.168848,0,0,0
63422,,,0,1,1,0,1,1,2,0.6,0.666667,0,0,0
14605,,,1,9,10,1,9,10,12,0.247254,0.279409,148509.303919,0,0
4066,,,1,0,1,1,0,1,12,0.178704,0.190627,0,0,0
144520,,,1,0,1,1,0,1,14,0.174253,0.187434,0,0,0
66368,,,1,0,1,1,0,1,12,0.175063,0.185932,0,0,0
160798,,,2,1,3,2,1,3,13,0.182547,0.200705,1764.250969,0,0
7447,,,0,1,1,0,1,1,13,0.18146,0.194556,0,0,0
28744,,,1,0,1,1,0,1,13,0.178966,0.191325,0,0,0
21508,,,1,0,1,1,0,1,12,0.18287,0.194842,0,0,0
12144,,,1,0,1,1,0,1,13,0.16275,0.170607,0,0,0
27928,,,1,0,1,1,0,1,14,0.174253,0.187434,0,0,0
2504,,,2,0,2,2,0,2,12,0.175093,0.186254,2070,0,0
13824,,,1,1,2,1,1,2,13,0.175732,0.189409,1516.202916,0,0
160785,,,1,0,1,1,0,1,12,0.160319,0.168848,0,0,0
65710,,,0,2,2,0,2,2,2,0.75,0.833333,2,0,0
1038,,,1,0,1,1,0,1,3,0.5,0.611111,0,0,0
30559,,,1,0,1,1,0,1,12,0.168497,0.181021,0,0,0
110179,,,0,2,2,0,2,2,17,0.096107,0.098988,2070,0,0
164652,,,1,0,1,1,0,1,18,0.087684,0.089755,0,0,0
13124,,,0,4,4,0,4,4,13,0.155749,0.164612,22685,0,0
2193,,,3,0,3,3,0,3,12,0.184105,0.197278,26026.784136,0,0
13125,,,0,4,4,0,4,4,15,0.11892,0.124032,8272,0,0
17239,,,2,0,2,2,0,2,16,0.106309,0.110018,4138,0,0
24533,,,0,1,1,0,1,1,1,1,1,0,0,0
7741,,,1,0,1,1,0,1,1,1,1,0,0,0
25633,,,0,1,1,0,1,1,1,1,1,0,0,0
28543,,,1,0,1,1,0,1,1,1,1,0,0,0
7750,,,1,0,1,1,0,1,16,0.106287,0.109575,0,0,0
28322,,,0,1,1,0,1,1,1,1,1,0,0,0
22260,,,1,0,1,1,0,1,1,1,1,0,0,0
5543,,,0,1,1,0,1,1,15,0.118852,0.122882,0,0,0
61584,,,3,0,3,3,0,3,14,0.134875,0.141147,7230,0,0
63430,,,2,0,2,2,0,2,14,0.134804,0.1406,4138,0,0
64839,,,2,0,2,2,0,2,14,0.134857,0.140825,5160,0,0
25665,,,0,2,2,0,2,2,15,0.118811,0.122951,2070,0,0
31037,,,1,0,1,1,0,1,16,0.1062,0.109077,0,0,0
124046,,,0,1,1,0,1,1,1,1,1,0,0,0
62967,,,1,0,1,1,0,1,1,1,1,0,0,0
9480,,,1,0,1,1,0,1,12,0.19319,0.211039,0,0,0
65829,,,0,1,1,0,1,1,14,0.153079,0.16066,0,0,0
143357,,,4,1,5,4,1,5,13,0.180731,0.194119,7636.877034,0,0
65261,,,0,1,1,0,1,1,4,0.416667,0.516667,0,0,0
121257,,,0,1,1,0,1,1,13,0.171725,0.185209,0,0,0
12544,,,0,1,1,0,1,1,16,0.111063,0.114281,0,0,0
7300,,,0,1,1,0,1,1,12,0.183811,0.201916,0,0,0
63971,,,0,2,2,0,2,2,16,0.116022,0.120983,2070,0,0
13498,,,1,0,1,1,0,1,17,0.103966,0.107432,0,0,0
28191,,,2,0,2,2,0,2,15,0.131225,0.138222,4138,0,0
8233,,,0,1,1,0,1,1,12,0.200019,0.229198,0,0,0
24792,,,0,1,1,0,1,1,13,0.158868,0.172262,0,0,0
63291,,,0,1,1,0,1,1,1,1,1,0,0,0
179027,,,1,0,1,1,0,1,1,1,1,0,0,0
24204,,,0,3,3,0,3,3,12,0.205212,0.225569,5663.680196,0,0
25099,,,0,1,1,0,1,1,12,0.176315,0.185934,0,0,0
25021,,,0,1,1,0,1,1,12,0.192597,0.20937,0,0,0
164283,,,0,2,2,0,2,2,12,0.158309,0.169069,7.635693,0,0
20570,,,0,2,2,0,2,2,12,0.201029,0.217821,15876.976854,0,0
6136,,,0,6,6,0,6,6,12,0.211197,0.235079,18421.628222,0,0
5340,,,0,1,1,0,1,1,12,0.192597,0.20937,0,0,0
10845,,,3,0,3,3,0,3,13,0.200484,0.217921,1002.331025,0,0
101292,,,0,1,1,0,1,1,12,0.192597,0.20937,0,0,0
100581,,,2,0,2,2,0,2,13,0.184894,0.199214,268.600544,0,0
1447,,,6,0,6,6,0,6,11,0.216089,0.23499,12357.219664,0,0
30990,,,4,0,4,4,0,4,12,0.164889,0.174618,6610.447274,0,0
157862,,,0,4,4,0,4,4,13,0.156645,0.165399,3869.082125,0,0
23592,,,3,0,3,3,0,3,14,0.144532,0.153702,1767.817989,0,0
1448,,,1,0,1,1,0,1,14,0.135439,0.140732,0,0,0
4423,,,3,0,3,3,0,3,12,0.175479,0.186695,3997.224112,0,0
126454,,,0,1,1,0,1,1,16,0.122952,0.12941,0,0,0
5539,,,1,1,2,1,1,2,11,0.175762,0.185989,3461.477212,0,0
150562,,,0,1,1,0,1,1,15,0.104065,0.107911,0,0,0
6089,,,0,1,1,0,1,1,1,1,1,0,0,0
101475,,,1,0,1,1,0,1,1,1,1,0,0,0
175110,,,0,1,1,0,1,1,13,0.170313,0.181822,0,0,0
10310,,,0,2,2,0,2,2,3,0.5,0.583333,7,0,0
5256,,,1,0,1,1,0,1,4,0.347826,0.416667,0,0,0
61077,,,0,2,2,0,2,2,2,0.75,0.833333,2,0,0
1742,,,1,0,1,1,0,1,3,0.5,0.611111,0,0,0
1995,,,2,0,2,2,0,2,2,0.75,0.833333,2,0,0
120048,,,0,1,1,0,1,1,11,0.165972,0.175444,0,0,0
65897,,,0,2,2,0,2,2,12,0.183307,0.199423,14448,0,0
117801,,,0,3,3,0,3,3,12,0.204563,0.225105,257.176655,0,0
13193,,,0,1,1,0,1,1,12,0.165231,0.175382,0,0,0
30130,,,0,1,1,0,1,1,12,0.196994,0.212721,0,0,0
62162,,,0,1,1,0,1,1,12,0.196994,0.212721,0,0,0
11213,,,0,1,1,0,1,1,13,0.18146,0.194556,0,0,0
132980,,,0,2,2,0,2,2,13,0.196229,0.214887,2273.451358,0,0
113272,,,0,13,13,0,13,13,11,0.242619,0.273369,204453.213261,0,0
25631,,,0,2,2,0,2,2,12,0.192526,0.208357,3289.696911,0,0
62057,,,0,1,1,0,1,1,12,0.169726,0.179852,0,0,0
65247,,,0,1,1,0,1,1,12,0.18308,0.198377,0,0,0
159125,,,0,3,3,0,3,3,12,0.183485,0.200051,3805.992607,0,0
124320,,,0,1,1,0,1,1,12,0.192597,0.20937,0,0,0
62019,,,0,1,1,0,1,1,12,0.1422,0.14804,0,0,0
6886,,,0,1,1,0,1,1,11,0.175137,0.185972,0,0,0
130421,,,0,1,1,0,1,1,11,0.165733,0.175281,0,0,0
111864,,,0,4,4,0,4,4,11,0.198068,0.215096,13983.965941,0,0
133825,,,0,1,1,0,1,1,12,0.191458,0.20773,0,0,0
61435,,,0,4,4,0,4,4,13,0.190893,0.211223,5196.098678,0.166667,1
29374,,,0,2,2,0,2,2,15,0.130407,0.137711,153.820348,0,0
124196,,,0,5,5,0,5,5,12,0.209764,0.231227,7026.086595,0,0
125595,,,0,5,5,0,5,5,13,0.200406,0.220273,9374.962767,0,0
126056,,,0,8,8,0,8,8,11,0.214434,0.238245,33155.896495,0,0
6109,,,1,0,1,1,0,1,14,0.160307,0.171418,0,0,0
5074,,,5,1,6,5,1,6,11,0.200174,0.220869,6847.521178,0,0
14145,,,0,2,2,0,2,2,12,0.202207,0.220414,68.342371,0,0
65270,,,0,5,5,0,5,5,12,0.204019,0.226933,19486.715899,0,0
66386,,,0,5,5,0,5,5,12,0.199942,0.218262,9253.022432,0,0
63099,,,0,4,4,0,4,4,12,0.220554,0.251648,31242.69075,0,0
148170,,,0,1,1,0,1,1,2,0.666667,0.75,0,0,0
4598,,,1,0,1,1,0,1,14,0.166962,0.177757,0,0,0
162757,,,0,1,1,0,1,1,13,0.167679,0.17865,0,0,0
166593,,,0,1,1,0,1,1,14,0.149122,0.157408,0,0,0
220940,,,1,0,1,1,0,1,12,0.176586,0.188649,0,0,0
14810,,,0,1,1,0,1,1,13,0.17348,0.186417,0,0,0
162384,,,0,1,1,0,1,1,1,1,1,0,0,0
103124,,,1,0,1,1,0,1,1,1,1,0,0,0
143527,,,0,1,1,0,1,1,14,0.161192,0.174506,0,0,0
29433,,,0,2,2,0,2,2,12,0.2097,0.240264,2092.329943,0,0
110801,,,0,2,2,0,2,2,13,0.141578,0.147665,2070,0,0
4764,,,1,0,1,1,0,1,14,0.124027,0.128006,0,0,0
117115,,,0,2,2,0,2,2,11,0.185773,0.200027,5483.452048,0,0
120816,,,0,1,1,0,1,1,1,1,1,0,0,0
149337,,,1,0,1,1,0,1,1,1,1,0,0,0
16531,,,0,1,1,0,1,1,14,0.134254,0.140719,0,0,0
27914,,,3,0,3,3,0,3,13,0.169518,0.182198,4139,0,0
110562,,,0,1,1,0,1,1,16,0.111855,0.117245,0,0,0
122078,,,0,1,1,0,1,1,1,1,1,0,0,0
65156,,,1,0,1,1,0,1,1,1,1,0,0,0
65236,,,0,1,1,0,1,1,18,0.091013,0.093313,0,0,0
2060,,,0,1,1,0,1,1,12,0.196994,0.212721,0,0,0
3342,,,0,1,1,0,1,1,12,0.196994,0.212721,0,0,0
25683,,,0,2,2,0,2,2,12,0.203179,0.220922,2322.624583,0,0
62634,,,0,1,1,0,1,1,14,0.134472,0.141038,0,0,0
122394,,,0,1,1,0,1,1,12,0.196994,0.212721,0,0,0
130305,,,1,0,1,1,0,1,13,0.173407,0.184586,0,0,0
142698,,,0,1,1,0,1,1,12,0.196994,0.212721,0,0,0
122917,,,1,1,2,1,1,2,13,0.187133,0.201994,1019.119574,0,0
163916,,,0,1,1,0,1,1,12,0.196994,0.212721,0,0,0
177780,,,0,1,1,0,1,1,13,0.18146,0.194556,0,0,0
13831,,,0,1,1,0,1,1,3,0.5,0.611111,0,0,0
12635,,,2,0,2,2,0,2,2,0.75,0.833333,2,0,0
63800,,,1,0,1,1,0,1,12,0.165336,0.174542,0,0,0
109581,,,0,1,1,0,1,1,1,1,1,0,0,0
141983,,,1,0,1,1,0,1,1,1,1,0,0,0
64796,,,0,1,1,0,1,1,13,0.171725,0.185209,0,0,0
155325,,,0,1,1,0,1,1,11,0.185175,0.198636,0,0,0
211322,,,0,1,1,0,1,1,11,0.185175,0.198636,0,0,0
1634,,,0,2,2,0,2,2,11,0.184154,0.196574,2070,0,0
61552,,,1,0,1,1,0,1,12,0.155527,0.162797,0,0,0
160810,,,0,1,1,0,1,1,14,0.155644,0.16559,0,0,0
141397,,,0,1,1,0,1,1,13,0.17072,0.187248,0,0,0
15495,,,0,2,2,0,2,2,2,0.75,0.833333,2,0,0
148389,,,1,0,1,1,0,1,3,0.5,0.611111,0,0,0
61068,,,0,4,4,0,4,4,11,0.210318,0.228831,15604.154864,0,0
64621,,,1,0,1,1,0,1,12,0.173785,0.183598,0,0,0
6362,,,0,1,1,0,1,1,4,0.4,0.520833,0,0,0
12126,,,2,0,2,2,0,2,3,0.571429,0.708333,3,0,0
113419,,,1,2,3,1,2,3,12,0.181922,0.195785,10678.735628,0,0
123016,,,0,11,11,0,11,11,11,0.219642,0.244089,60530.860864,0,0
122436,,,0,2,2,0,2,2,13,0.195414,0.213864,1072.571582,0,0
126601,,,0,4,4,0,4,4,11,0.184993,0.200801,15992.419157,0,0
138744,,,0,1,1,0,1,1,13,0.140913,0.149868,0,0,0
30265,,,0,1,1,0,1,1,12,0.18308,0.198377,0,0,0
31193,,,0,3,3,0,3,3,13,0.170734,0.18411,10861.185482,0,0
60950,,,0,1,1,0,1,1,12,0.18308,0.198377,0,0,0
61253,,,0,1,1,0,1,1,12,0.18308,0.198377,0,0,0
61656,,,0,2,2,0,2,2,13,0.172196,0.18656,111.135059,0,0
64341,,,0,1,1,0,1,1,13,0.166922,0.178059,0,0,0
121273,,,0,1,1,0,1,1,12,0.18308,0.198377,0,0,0
138611,,,0,2,2,0,2,2,12,0.183209,0.199061,227.182774,0,0
164411,,,0,1,1,0,1,1,12,0.18308,0.198377,0,0,0
177442,,,0,1,1,0,1,1,13,0.162241,0.175795,0,0,0
125434,,,1,0,1,1,0,1,12,0.156125,0.164879,0,0,0
138000,,,0,1,1,0,1,1,13,0.149769,0.158951,0,0,0
25341,,,0,2,2,0,2,2,12,0.191493,0.208052,2070,0,0
28016,,,0,2,2,0,2,2,11,0.197992,0.216007,2272.452046,0,0
156599,,,0,4,4,0,4,4,12,0.201048,0.219934,2757.215979,0.333333,2
66468,,,0,1,1,0,1,1,12,0.171896,0.184873,0,0,0
122061,,,0,1,1,0,1,1,12,0.171896,0.184873,0,0,0
63606,,,0,1,1,0,1,1,14,0.143203,0.151005,0,0,0
128620,,,0,2,2,0,2,2,13,0.155445,0.164131,296.432826,0,0
24489,,,0,1,1,0,1,1,13,0.15996,0.170958,0,0,0
127438,,,0,1,1,0,1,1,13,0.18004,0.19416,0,0,0
143668,,,0,2,2,0,2,2,13,0.169449,0.182814,197.722547,0,0
146735,,,0,1,1,0,1,1,13,0.15996,0.170958,0,0,0
61321,,,0,2,2,0,2,2,14,0.169963,0.183693,541.535895,0,0
126734,,,0,1,1,0,1,1,12,0.201048,0.219853,0,0,0
176066,,,0,3,3,0,3,3,12,0.202029,0.221419,4363.678203,0,0
24975,,,0,1,1,0,1,1,14,0.165099,0.179236,0,0,0
62458,,,0,1,1,0,1,1,13,0.167435,0.17793,0,0,0
63454,,,0,2,2,0,2,2,14,0.15292,0.161928,2070,0,0
63640,,,0,1,1,0,1,1,14,0.145272,0.152981,0,0,0
145161,,,0,1,1,0,1,1,12,0.176722,0.189283,0,0,0
107446,,,0,2,2,0,2,2,12,0.18287,0.199337,45.411098,0,0
140049,,,0,2,2,0,2,2,12,0.208623,0.227603,2698.391566,0,0
122316,,,0,3,3,0,3,3,13,0.190332,0.207258,1632.692943,0,0
31854,,,0,1,1,0,1,1,13,0.163625,0.172392,0,0,0
133728,,,0,1,1,0,1,1,12,0.188461,0.201708,0,0,0
141957,,,0,2,2,0,2,2,12,0.177069,0.190964,825.010781,0,0
100401,,,1,0,1,1,0,1,15,0.132646,0.138351,0,0,0
126318,,,0,2,2,0,2,2,12,0.187065,0.203589,3948.033459,0,0
122317,,,1,0,1,1,0,1,12,0.180103,0.192195,0,0,0
111205,,,0,2,2,0,2,2,2,0.75,0.833333,2,0,0
101264,,,1,0,1,1,0,1,3,0.5,0.611111,0,0,0
111880,,,0,1,1,0,1,1,13,0.169963,0.182135,0,0,0
126597,,,0,1,1,0,1,1,13,0.157407,0.167425,0,0,0
132518,,,0,3,3,0,3,3,13,0.168278,0.180106,2487.052595,0,0
160631,,,0,1,1,0,1,1,13,0.167679,0.17865,0,0,0
165639,,,0,1,1,0,1,1,1,1,1,0,0,0
203480,,,1,0,1,1,0,1,1,1,1,0,0,0
176782,,,0,2,2,0,2,2,13,0.193624,0.21025,847.961066,0,0
62285,,,0,4,4,0,4,4,10,0.189617,0.205309,51119.521059,0,0
62523,,,0,1,1,0,1,1,12,0.148469,0.15533,0,0,0
120839,,,0,1,1,0,1,1,12,0.148469,0.15533,0,0,0
137110,,,0,2,2,0,2,2,14,0.157935,0.167137,258.075946,0,0
122357,,,0,1,1,0,1,1,1,1,1,0,0,0
122096,,,1,0,1,1,0,1,1,1,1,0,0,0
126716,,,0,1,1,0,1,1,14,0.157263,0.167895,0,0,0
212538,,,1,0,1,1,0,1,11,0.159406,0.168102,0,0,0
12540,,,0,2,2,0,2,2,14,0.169213,0.185498,117.431883,0,0
17080,,,0,1,1,0,1,1,14,0.161192,0.174506,0,0,0
25320,,,0,1,1,0,1,1,14,0.161192,0.174506,0,0,0
25783,,,0,2,2,0,2,2,14,0.169213,0.185498,117.431883,0,0
29381,,,0,2,2,0,2,2,14,0.169213,0.185498,117.431883,0,0
31168,,,0,1,1,0,1,1,14,0.167842,0.182064,0,0,0
61685,,,0,3,3,0,3,3,14,0.169241,0.18582,1151.931883,0,0
122447,,,0,2,2,0,2,2,14,0.169213,0.185498,117.431883,0,0
147452,,,0,1,1,0,1,1,14,0.161192,0.174506,0,0,0
1111,,,0,1,1,0,1,1,12,0.200019,0.229198,0,0,0
14524,,,0,2,2,0,2,2,12,0.20029,0.230188,477.051307,0,0
24436,,,0,2,2,0,2,2,12,0.20029,0.230188,477.051307,0,0
63203,,,0,2,2,0,2,2,12,0.20029,0.230188,477.051307,0,0
63898,,,0,2,2,0,2,2,12,0.2097,0.240264,2092.329943,0,0
64630,,,0,1,1,0,1,1,12,0.200019,0.229198,0,0,0
28775,,,0,1,1,0,1,1,13,0.159063,0.171872,0,0,0
9551,,,0,1,1,0,1,1,14,0.15247,0.164565,0,0,0
29886,,,0,1,1,0,1,1,14,0.15247,0.164565,0,0,0
112775,,,1,0,1,1,0,1,13,0.175628,0.192029,0,0,0
143990,,,0,1,1,0,1,1,14,0.15247,0.164565,0,0,0
64346,,,0,1,1,0,1,1,11,0.184122,0.196252,0,0,0
110721,,,0,1,1,0,1,1,1,1,1,0,0,0
4723,,,1,0,1,1,0,1,1,1,1,0,0,0
120723,,,0,3,3,0,3,3,11,0.16293,0.171751,8986.958864,0,0
130040,,,0,2,2,0,2,2,2,0.75,0.833333,2,0,0
15634,,,1,0,1,1,0,1,3,0.5,0.611111,0,0,0
132369,,,0,2,2,0,2,2,1,1,1,1,0,0
4737,,,1,0,1,1,0,1,2,0.666667,0.75,0,0,0
7711,,,1,0,1,1,0,1,2,0.666667,0.75,0,0,0
132526,,,0,5,5,0,5,5,11,0.202147,0.219636,16581.319283,0,0
113225,,,0,1,1,0,1,1,1,1,1,0,0,0
25080,,,1,0,1,1,0,1,1,1,1,0,0,0
124638,,,0,1,1,0,1,1,15,0.128713,0.135526,0,0,0
129851,,,0,1,1,0,1,1,4,0.4,0.520833,0,0,0
29710,,,2,0,2,2,0,2,3,0.571429,0.708333,3,0,0
13480,,,0,1,1,0,1,1,15,0.123244,0.127258,0,0,0
12521,,,0,1,1,0,1,1,1,1,1,0,0,0
9023,,,1,0,1,1,0,1,1,1,1,0,0,0
14626,,,0,2,2,0,2,2,12,0.199039,0.216109,930.072122,0,0
26360,,,0,1,1,0,1,1,12,0.166801,0.177726,0,0,0
63169,,,0,1,1,0,1,1,12,0.196994,0.212721,0,0,0
63281,,,0,2,2,0,2,2,11,0.203438,0.2203,8872.832528,0,0
11910,,,1,0,1,1,0,1,12,0.180103,0.192195,0,0,0
1500,,,1,0,1,1,0,1,12,0.168169,0.177465,0,0,0
174871,,,0,1,1,0,1,1,2,0.6,0.666667,0,0,0
29709,,,0,1,1,0,1,1,13,0.18146,0.194556,0,0,0
111579,,,0,1,1,0,1,1,13,0.18146,0.194556,0,0,0
18699,,,1,0,1,1,0,1,12,0.180103,0.192195,0,0,0
133044,,,0,1,1,0,1,1,13,0.18146,0.194556,0,0,0
137252,,,0,2,2,0,2,2,13,0.193569,0.209947,2922.89156,0,0
157757,,,0,1,1,0,1,1,1,1,1,0,0,0
29095,,,1,0,1,1,0,1,1,1,1,0,0,0
24475,,,0,1,1,0,1,1,14,0.167016,0.17956,0,0,0
60973,,,0,1,1,0,1,1,13,0.149014,0.155658,0,0,0
62602,,,1,1,2,1,1,2,12,0.162508,0.172999,2669.265452,0,0
1891,,,1,0,1,1,0,1,13,0.16073,0.169941,0,0,0
111064,,,0,1,1,0,1,1,1,1,1,0,0,0
3480,,,1,0,1,1,0,1,1,1,1,0,0,0
138201,,,0,1,1,0,1,1,14,0.159002,0.169827,0,0,0
133769,,,0,1,1,0,1,1,13,0.171725,0.185209,0,0,0
149092,,,0,1,1,0,1,1,13,0.171725,0.185209,0,0,0
176118,,,0,3,3,0,3,3,13,0.171967,0.188174,4139,0,0
8101,,,1,0,1,1,0,1,14,0.146744,0.156191,0,0,0
122902,,,0,1,1,0,1,1,12,0.171896,0.184873,0,0,0
121139,,,0,1,1,0,1,1,13,0.163625,0.172392,0,0,0
63915,,,0,4,4,0,4,4,14,0.150992,0.161737,10337,0,0
60979,,,1,0,1,1,0,1,15,0.131192,0.137779,0,0,0
2573,,,0,2,2,0,2,2,12,0.188495,0.20203,2070,0,0
63470,,,0,2,2,0,2,2,12,0.176661,0.191769,762.314095,0,0
135965,,,0,2,2,0,2,2,14,0.149186,0.157971,6204,0,0
138613,,,0,1,1,0,1,1,13,0.184007,0.199653,0,0,0
140061,,,0,2,2,0,2,2,13,0.184105,0.200216,6204,0,0
158473,,,0,2,2,0,2,2,13,0.184647,0.201181,868.026033,0,0
23535,,,0,4,4,0,4,4,13,0.162342,0.175333,4864.853261,0,0
120595,,,0,1,1,0,1,1,14,0.155201,0.165172,0,0,0
176863,,,0,2,2,0,2,2,13,0.152988,0.163035,25.659948,0,0
13370,,,0,1,1,0,1,1,3,0.5,0.611111,0,0,0
63986,,,1,0,1,1,0,1,13,0.158612,0.166367,0,0,0
178083,,,0,1,1,0,1,1,14,0.161192,0.174506,0,0,0
25984,,,0,2,2,0,2,2,12,0.203658,0.2215,6008.917852,0,0
13646,,,1,0,1,1,0,1,14,0.139678,0.14728,0,0,0
264390,,,0,1,1,0,1,1,15,0.128013,0.133604,0,0,0
118003,,,0,1,1,0,1,1,1,1,1,0,0,0
144496,,,1,0,1,1,0,1,1,1,1,0,0,0
2312,,,1,0,1,1,0,1,15,0.131192,0.137779,0,0,0
16405,,,0,1,1,0,1,1,12,0.196994,0.212721,0,0,0
122360,,,0,1,1,0,1,1,1,1,1,0,0,0
25643,,,1,0,1,1,0,1,1,1,1,0,0,0
122895,,,0,1,1,0,1,1,2,0.6,0.666667,0,0,0
176556,,,0,1,1,0,1,1,12,0.196994,0.212721,0,0,0
5962,,,0,1,1,0,1,1,1,1,1,0,0,0
9112,,,1,0,1,1,0,1,1,1,1,0,0,0
62666,,,0,1,1,0,1,1,1,1,1,0,0,0
61566,,,1,0,1,1,0,1,1,1,1,0,0,0
31099,,,1,0,1,1,0,1,14,0.146744,0.156191,0,0,0
66454,,,0,1,1,0,1,1,13,0.166922,0.178059,0,0,0
3707,,,0,1,1,0,1,1,12,0.191458,0.20773,0,0,0
126718,,,0,1,1,0,1,1,14,0.143203,0.151005,0,0,0
112004,,,0,4,4,0,4,4,13,0.196508,0.215394,5268.135009,0,0
110387,,,0,2,2,0,2,2,14,0.155224,0.165494,2070,0,0
62266,,,0,6,6,0,6,6,13,0.17609,0.191669,4314.540088,0,0
129442,,,1,0,1,1,0,1,14,0.149736,0.158538,0,0,0
149939,,,0,1,1,0,1,1,1,1,1,0,0,0
164296,,,1,0,1,1,0,1,1,1,1,0,0,0
148839,,,1,0,1,1,0,1,15,0.134376,0.140719,0,0,0
63384,,,0,1,1,0,1,1,15,0.127321,0.132726,0,0,0
64165,,,0,3,3,0,3,3,11,0.211564,0.23002,6476.137466,0,0
121080,,,0,1,1,0,1,1,1,1,1,0,0,0
4742,,,1,0,1,1,0,1,1,1,1,0,0,0
143974,,,0,1,1,0,1,1,12,0.177707,0.187761,0,0,0
62732,,,0,2,2,0,2,2,13,0.186107,0.200096,2378.693504,0,0
162910,,,0,1,1,0,1,1,11,0.185175,0.198636,0,0,0
177983,,,0,1,1,0,1,1,11,0.185175,0.198636,0,0,0
65457,,,0,1,1,0,1,1,1,1,1,0,0,0
65280,,,1,0,1,1,0,1,1,1,1,0,0,0
66649,,,0,3,3,0,3,3,13,0.182098,0.197079,4800.673238,0,0
60814,,,0,2,2,0,2,2,11,0.191848,0.211051,4766.434191,0,0
61407,,,0,2,2,0,2,2,13,0.173538,0.18686,4138,0,0
12277,,,0,1,1,0,1,1,14,0.140037,0.145871,0,0,0
160414,,,0,2,2,0,2,2,17,0.111729,0.116681,2070,0,0
126296,,,1,0,1,1,0,1,18,0.100505,0.103974,0,0,0
63417,,,0,1,1,0,1,1,13,0.184007,0.199653,0,0,0
63602,,,0,1,1,0,1,1,13,0.169963,0.182135,0,0,0
13799,,,0,4,4,0,4,4,12,0.194881,0.211118,6386.383496,0,0
10631,,,0,2,2,0,2,2,11,0.184154,0.196574,2070,0,0
2731,,,1,0,1,1,0,1,12,0.155527,0.162797,0,0,0
61355,,,0,1,1,0,1,1,11,0.184122,0.196252,0,0,0
119753,,,0,1,1,0,1,1,16,0.111855,0.117245,0,0,0
4094,,,1,0,1,1,0,1,14,0.154058,0.16278,0,0,0
131423,,,0,1,1,0,1,1,12,0.166801,0.177726,0,0,0
64942,,,0,1,1,0,1,1,13,0.18146,0.194556,0,0,0
66438,,,0,1,1,0,1,1,13,0.165561,0.177518,0,0,0
9299,,,0,1,1,0,1,1,12,0.183811,0.201916,0,0,0
3278,,,0,1,1,0,1,1,15,0.127879,0.133505,0,0,0
61627,,,0,1,1,0,1,1,2,0.666667,0.75,0,0,0
14150,,,0,1,1,0,1,1,14,0.177221,0.193208,0,0,0
62093,,,0,2,2,0,2,2,14,0.154241,0.166431,1232.778903,0,0
66610,,,0,1,1,0,1,1,14,0.134254,0.140719,0,0,0
62055,,,0,2,2,0,2,2,2,0.666667,0.75,4,0,0
64404,,,0,1,1,0,1,1,14,0.144957,0.152553,0,0,0
176963,,,0,2,2,0,2,2,12,0.183209,0.199061,227.182774,0,0
137722,,,0,1,1,0,1,1,15,0.115531,0.120861,0,0,0
4418,,,0,1,1,0,1,1,1,1,1,0,0,0
4145,,,1,0,1,1,0,1,1,1,1,0,0,0
63490,,,0,1,1,0,1,1,1,1,1,0,0,0
145552,,,1,0,1,1,0,1,1,1,1,0,0,0
130200,,,0,1,1,0,1,1,14,0.134254,0.140719,0,0,0
24396,,,0,1,1,0,1,1,14,0.134254,0.140719,0,0,0
61061,,,0,1,1,0,1,1,14,0.144957,0.152553,0,0,0
7995,,,0,1,1,0,1,1,13,0.17072,0.187248,0,0,0
11300,,,0,2,2,0,2,2,14,0.154402,0.165081,8.051623,0,0
65275,,,0,1,1,0,1,1,11,0.165972,0.175444,0,0,0
127179,,,0,2,2,0,2,2,11,0.179962,0.192894,1487.679772,0,0
1082,,,0,1,1,0,1,1,12,0.176105,0.19191,0,0,0
7152,,,0,3,3,0,3,3,11,0.184779,0.198196,3343.85429,0,0
61971,,,0,1,1,0,1,1,14,0.116564,0.121387,0,0,0
24783,,,0,1,1,0,1,1,12,0.191458,0.20773,0,0,0
63635,,,0,3,3,0,3,3,12,0.192902,0.209064,2635.601825,0,0
4456,,,0,1,1,0,1,1,13,0.184253,0.198688,0,0,0
8832,,,0,2,2,0,2,2,12,0.189513,0.205958,1737.510163,0,0
6347,,,0,1,1,0,1,1,14,0.162063,0.173565,0,0,0
62494,,,0,1,1,0,1,1,12,0.191458,0.20773,0,0,0
110040,,,0,1,1,0,1,1,12,0.191458,0.20773,0,0,0
135247,,,0,3,3,0,3,3,13,0.140951,0.150512,4139,0,0
140760,,,1,0,1,1,0,1,14,0.123546,0.12953,0,0,0
61600,,,0,1,1,0,1,1,13,0.165932,0.176027,0,0,0
65317,,,0,1,1,0,1,1,12,0.18308,0.198377,0,0,0
65905,,,0,1,1,0,1,1,12,0.18308,0.198377,0,0,0
66588,,,0,2,2,0,2,2,12,0.169782,0.180295,4138,0,0
110620,,,0,2,2,0,2,2,12,0.183339,0.199431,228.707312,0,0
137803,,,0,1,1,0,1,1,12,0.166801,0.178431,0,0,0
138123,,,0,1,1,0,1,1,12,0.18308,0.198377,0,0,0
138343,,,0,1,1,0,1,1,12,0.18308,0.198377,0,0,0
160670,,,0,2,2,0,2,2,12,0.177054,0.192922,532.359852,0,0
109425,,,0,1,1,0,1,1,15,0.121588,0.127917,0,0,0
22759,,,0,1,1,0,1,1,1,1,1,0,0,0
10349,,,1,0,1,1,0,1,1,1,1,0,0,0
8594,,,1,0,1,1,0,1,14,0.123546,0.12953,0,0,0
63604,,,0,3,3,0,3,3,12,0.173625,0.192378,77.99075,0,0
61332,,,0,1,1,0,1,1,1,1,1,0,0,0
1193,,,1,0,1,1,0,1,1,1,1,0,0,0
174637,,,0,1,1,0,1,1,13,0.165073,0.173879,0,0,0
136264,,,0,3,3,0,3,3,11,0.187676,0.200845,5208.73508,0,0
122734,,,0,1,1,0,1,1,12,0.18308,0.198377,0,0,0
132599,,,0,3,3,0,3,3,11,0.213373,0.236103,9103.517488,0,0
118084,,,0,2,2,0,2,2,12,0.184335,0.203122,5571.959276,0,0
126496,,,0,1,1,0,1,1,13,0.169963,0.182135,0,0,0
129840,,,0,3,3,0,3,3,14,0.154425,0.164473,5893.92961,0,0
106305,,,0,2,2,0,2,2,12,0.20097,0.231158,1456.825466,0,0
113373,,,0,1,1,0,1,1,14,0.177221,0.193208,0,0,0
63735,,,1,0,1,1,0,1,15,0.133777,0.139937,0,0,0
143356,,,1,0,1,1,0,1,12,0.158031,0.165586,0,0,0
28770,,,0,1,1,0,1,1,1,1,1,0,0,0
2596,,,1,0,1,1,0,1,1,1,1,0,0,0
166437,,,0,1,1,0,1,1,2,0.666667,0.75,0,0,0
166639,,,0,5,5,0,5,5,12,0.193751,0.212289,3370.330328,0,0
63899,,,0,1,1,0,1,1,12,0.18308,0.198377,0,0,0
10827,,,0,4,4,0,4,4,12,0.203999,0.222349,8203.231292,0,0
26837,,,0,2,2,0,2,2,13,0.16477,0.177144,96.49746,0,0
25118,,,0,3,3,0,3,3,13,0.18584,0.201416,631.70086,0,0
60846,,,0,4,4,0,4,4,13,0.179884,0.197268,2187.543908,0,0
29746,,,0,2,2,0,2,2,13,0.176797,0.190791,377.161885,0,0
9048,,,0,1,1,0,1,1,14,0.165099,0.179236,0,0,0
14340,,,0,4,4,0,4,4,13,0.189948,0.207087,4763.189322,0,0
29338,,,0,1,1,0,1,1,1,1,1,0,0,0
13683,,,1,0,1,1,0,1,1,1,1,0,0,0
31578,,,0,1,1,0,1,1,13,0.164352,0.175052,0,0,0
125360,,,0,1,1,0,1,1,13,0.164352,0.175052,0,0,0
151257,,,0,1,1,0,1,1,13,0.157407,0.167425,0,0,0
133049,,,0,1,1,0,1,1,1,1,1,0,0,0
160586,,,1,0,1,1,0,1,1,1,1,0,0,0
111406,,,0,1,1,0,1,1,14,0.161192,0.174506,0,0,0
6349,,,0,2,2,0,2,2,12,0.201734,0.232038,577.882502,0,0
25088,,,0,1,1,0,1,1,12,0.176105,0.19191,0,0,0
141467,,,0,1,1,0,1,1,12,0.200019,0.229198,0,0,0
148509,,,0,1,1,0,1,1,15,0.112158,0.11575,0,0,0
30233,,,0,1,1,0,1,1,12,0.196994,0.212721,0,0,0
64919,,,0,1,1,0,1,1,12,0.196994,0.212721,0,0,0
2176,,,0,1,1,0,1,1,12,0.200019,0.229198,0,0,0
13633,,,0,1,1,0,1,1,14,0.159002,0.169827,0,0,0
13041,,,0,1,1,0,1,1,11,0.184122,0.196252,0,0,0
